1103    4    1    0
1103    2    1    1
1103    2    1    3
1103    2    1    6
1104    4    1    0
1104    2    1    1
1104    1    1    3
1104    2    1    6
1105    2    1    0
1105    2    1    1
1105    1    1    3
1106    2    1    0
1106    1    1    1
1106    1    1    3
1106    1    1    6
1107    3    0    0
1107    3    0    1
1107    3    0    3
1107    4    0    6
1108    4    1    0
1108    4    1    1
1108    2    1    3
1108    3    1    6
1109    2    1    0
1109    1    1    1
1109    1    1    3
1109    2    1    6
1110    2    1    0
1110    3    1    1
1110    2    1    3
1110    2    1    6
1111    4    1    0
1111    4    1    1
1111    4    1    3
1111    2    1    6
1112    3    0    0
1112    2    0    3
1112    2    0    6
1113    2    1    0
1113    2    1    1
1113    3    1    3
1113    2    1    6
1114    4    1    0
1114    4    1    1
1114    4    1    3
1114    2    1    6
1115    4    0    0
1115    3    0    1
1115    4    0    3
1115    3    0    6
1118    4    1    0
1118    4    1    1
1119    4    1    1
1119    2    1    3
1119    1    1    6
1124    3    0    0
1124    3    0    1
1124    2    0    3
1124    3    0    6
1125    4    0    0
1125    1    0    3
1125    1    0    6
1129    4    0    0
1129    3    0    1
1129    2    0    3
1129    1    0    6
1136    3    0    0
1136    4    0    1
1136    3    0    3
1140    4    0    0
1140    4    0    1
1140    4    0    3
1140    4    0    6
1301    3    0    0
1301    2    0    1
1301    2    0    3
1301    2    0    6
1302    3    1    0
1302    2    1    1
1302    1    1    3
1302    1    1    6
1303    4    1    0
1303    3    1    1
1303    1    1    3
1304    4    1    0
1304    4    1    1
1304    4    1    3
1305    4    1    0
1305    4    1    1
1306    3    0    0
1306    3    0    1
1306    1    0    3
1306    2    0    6
1307    4    1    0
1307    4    1    1
1307    4    1    3
1307    2    1    6
1308    4    1    0
1308    4    1    1
1308    3    1    3
1308    3    1    6
1309    4    0    0
1309    4    0    1
1309    2    0    3
1309    4    0    4
1311    3    1    0
1311    1    1    1
1311    1    1    3
1311    1    1    6
1312    2    1    0
1312    1    1    1
1312    1    1    3
1313    4    0    0
1313    4    0    1
1313    4    0    3
1313    4    0    6
1314    4    1    0
1314    4    1    1
1314    4    1    3
1314    4    1    6
1315    4    1    0
1315    3    1    1
1315    2    1    3
1315    1    1    6
1316    3    1    0
1316    2    1    1
1316    3    1    3
1316    2    1    6
1317    4    0    0
1317    4    0    1
1317    4    0    3
1317    3    0    6
1318    2    1    0
1318    3    1    1
1318    2    1    3
1318    1    1    6
1321    4    1    0
1321    3    1    1
1321    3    1    3
1321    2    1    6
1329    4    1    0
1329    3    1    1
1329    3    1    3
1329    1    1    6
2102    2    1    0
2102    3    1    1
2102    2    1    4
2102    1    1    6
2103    4    1    0
2103    1    1    1
2104    4    1    0
2104    4    1    1
2104    1    1    3
2105    3    1    0
2105    2    1    1
2105    3    1    3
2105    2    1    6
2106    4    0    0
2106    4    0    1
2106    4    0    2
2107    4    1    0
2107    4    1    1
2107    3    1    3
2107    3    1    6
2108    4    1    0
2108    4    1    1
2108    3    1    3
2108    1    1    6
2109    4    0    0
2109    4    0    1
2109    3    0    3
2109    3    0    6
2110    4    1    0
2110    1    1    1
2110    1    1    3
2111    4    1    0
2111    2    1    1
2111    2    1    3
2111    1    1    6
2112    1    1    0
2112    1    1    1
2112    2    1    3
2112    2    1    6
2113    3    1    0
2113    4    1    1
2115    3    0    0
2115    2    0    1
2116    4    1    0
2116    4    1    1
2116    4    1    3
2116    2    1    6
2117    4    1    0
2117    2    1    1
2117    1    1    3
2117    1    1    4
2117    1    1    6
2118    4    0    0
2118    4    0    1
2118    4    0    3
2118    4    0    5
2119    3    1    0
2119    1    1    1
2120    3    1    0
2120    1    1    1
2120    1    1    3
2120    1    1    6
2121    3    1    0
2121    3    1    1
2121    3    1    3
2121    4    1    5
2123    4    1    0
2123    4    1    1
2123    2    1    3
2124    3    1    0
2124    3    1    1
2124    2    1    3
2124    1    1    6
2125    3    1    0
2125    2    1    1
2125    3    1    3
2125    3    1    6
2126    3    1    0
2126    3    1    1
2126    2    1    3
2129    4    1    0
2129    3    1    1
2130    4    0    0
2130    2    0    1
2130    2    0    3
2132    3    1    0
2132    4    1    1
2132    3    1    3
2132    2    1    6
2134    4    1    0
2134    2    1    1
2134    2    1    3
2134    1    1    6
2135    4    1    0
2135    2    1    1
2135    3    1    3
2135    1    1    6
2136    4    1    0
2136    2    1    1
2136    1    1    3
2136    2    1    6
2137    4    1    0
2137    3    1    1
2137    2    1    3
2137    2    1    6
2140    4    1    0
2140    3    1    1
2140    1    1    3
2140    2    1    6
2141    3    1    0
2141    2    1    1
2142    3    1    0
2142    2    1    1
2142    3    1    3
2142    2    1    6
2143    4    1    0
2143    2    1    1
2143    1    1    3
2143    1    1    6
2144    4    0    0
2144    4    0    1
2144    4    0    3
2144    3    0    4
2145    3    1    0
2145    2    1    1
2145    2    1    3
2145    1    1    4
2145    1    1    6
2146    4    1    0
2146    4    1    1
2146    3    1    3
2146    4    1    6
2148    4    1    0
2148    2    1    1
2148    2    1    3
2148    1    1    6
2149    4    0    0
2149    4    0    1
2150    4    1    0
2150    3    1    1
2151    4    1    0
2151    3    1    1
2151    3    1    3
2151    3    1    6
2152    4    1    0
2152    4    1    1
2153    3    0    0
2153    2    0    1
2153    2    0    3
2153    2    0    6
2159    3    1    0
2159    3    1    1
2159    3    1    3
2159    3    1    6
2160    4    0    0
2160    4    0    1
2160    3    0    3
2162    3    0    0
2162    4    0    1
2162    4    0    3
2163    3    1    0
2163    2    1    1
2163    2    1    3
2163    3    1    6
2301    3    1    0
2301    3    1    1
2301    3    1    4
2301    2    1    6
2302    2    0    0
2302    2    0    1
2302    2    0    3
2302    2    0    6
2303    4    1    0
2303    2    1    1
2303    3    1    3
2303    1    1    6
2304    2    1    0
2304    1    1    1
2304    2    1    3
2304    2    1    6
2305    4    1    0
2305    2    1    1
2305    2    1    3
2305    1    1    6
2308    3    0    0
2308    2    0    1
2308    2    0    3
2308    2    0    6
2309    4    1    0
2309    3    1    1
2309    3    1    3
2309    1    1    6
2310    4    0    0
2310    4    0    1
2310    4    0    3
2311    3    1    0
2311    2    1    1
2311    1    1    3
2312    4    1    0
2312    1    1    1
2312    1    1    3
2312    1    1    6
2313    4    0    0
2313    4    0    1
2314    4    1    0
2314    2    1    3
2314    1    1    6
2316    4    1    0
2316    4    1    1
2316    2    1    3
2316    1    1    6
2317    4    1    0
2317    4    1    1
2317    2    1    3
2317    1    1    6
2318    4    1    0
2318    2    1    1
2318    1    1    3
2318    1    1    6
2320    4    0    0
2320    4    0    1
2321    4    1    0
2321    2    1    1
2321    2    1    2
2321    2    1    3
2321    2    1    6
2322    4    1    0
2322    2    1    1
2322    1    1    3
2323    3    1    0
2323    1    1    1
2323    1    1    3
2323    1    1    6
2325    4    1    0
2325    2    1    1
2325    1    1    3
2325    1    1    4
2326    4    0    0
2326    4    0    1
2328    3    1    0
2328    3    1    1
2328    2    1    3
2328    2    1    6
2329    4    0    0
2329    2    0    1
2329    2    0    3
2329    2    0    6
2330    4    1    0
2330    4    1    1
2330    3    1    3
2330    3    1    6
2331    3    1    0
2331    3    1    1
2334    3    1    0
2334    2    1    1
2334    2    1    3
2334    1    1    6
2335    4    1    0
2335    2    1    1
2335    4    1    3
2335    1    1    6
2336    3    1    0
2336    3    1    1
2336    3    1    3
2336    1    1    6
2337    4    1    0
2337    2    1    1
2337    1    1    3
2337    1    1    6
2338    4    1    0
2338    2    1    1
2338    3    1    3
2338    1    1    6
2339    3    0    0
2339    3    0    1
2339    2    0    3
2339    2    0    6
2340    4    1    0
2340    3    1    1
2340    3    1    3
2340    2    1    6
2341    4    1    0
2341    2    1    1
2341    1    1    3
2341    1    1    5
2342    4    1    0
2342    2    1    1
2342    2    1    3
2342    2    1    6
2344    3    1    0
2344    2    1    1
2344    2    1    3
2344    1    1    5
2344    1    1    6
2345    4    0    0
2345    4    0    1
2348    4    1    0
2348    4    1    1
2348    2    1    3
2348    2    1    6
2350    4    1    0
2350    3    1    1
2350    1    1    3
2352    4    0    0
2352    4    0    1
2352    4    0    3
2352    4    0    6
2353    4    1    0
2353    3    1    1
2353    3    1    3
2353    2    1    6
2358    4    1    0
2358    4    1    1
2372    4    1    0
2372    4    1    1
2375    4    1    0
2375    2    1    1
2375    3    1    3
2375    4    1    6
3101    4    1    0
3101    3    1    1
3101    2    1    3
3101    1    1    6
3102    4    1    0
3102    1    1    1
3102    1    1    3
3102    1    1    6
3103    4    1    0
3103    4    1    1
3103    4    1    3
3103    3    1    6
3104    4    0    0
3104    2    0    1
3104    4    0    3
3104    4    0    6
3105    4    1    0
3105    2    1    1
3106    4    0    0
3106    4    0    1
3106    1    0    3
3106    2    0    6
3107    4    1    0
3107    4    1    1
3107    4    1    3
3107    1    1    6
3108    4    1    0
3108    4    1    1
3108    3    1    3
3108    1    1    6
3109    4    0    0
3109    4    0    1
3109    4    0    3
3109    2    0    6
3110    4    1    0
3110    4    1    1
3110    4    1    3
3110    4    1    6
3111    4    1    0
3111    4    1    1
3111    2    1    3
3111    1    1    6
3112    3    1    0
3112    1    1    1
3112    1    1    3
3112    1    1    6
3113    4    1    0
3113    4    1    1
3113    4    1    3
3113    2    1    6
3114    4    0    0
3114    4    0    1
3114    4    0    3
3114    3    0    6
3301    4    1    0
3301    4    1    1
3301    3    1    3
3301    3    1    6
3302    3    0    0
3302    2    0    1
3302    2    0    3
3302    1    0    6
3303    4    1    0
3303    3    1    1
3303    1    1    3
3303    1    1    6
3304    4    1    0
3304    3    1    1
3304    1    1    3
3304    1    1    6
3305    4    0    0
3305    4    0    1
3306    4    1    0
3306    4    1    1
3306    4    1    3
3306    4    1    6
3307    3    1    0
3307    2    1    1
3307    3    1    3
3307    1    1    6
3308    4    1    0
3308    3    1    1
3309    4    1    0
3309    4    1    1
3309    4    1    3
3309    4    1    6
3310    4    1    0
3310    2    1    1
3310    2    1    3
3310    1    1    6
3311    4    1    0
3311    4    1    1
3311    3    1    3
3311    2    1    6
3312    4    0    0
3312    4    0    1
3312    4    0    3
3313    4    1    0
3313    3    1    1
3313    3    1    3
3313    1    1    6
3314    4    1    0
3314    3    1    1
3315    4    0    0
3315    4    0    1
3315    4    0    3
3315    4    0    6
3316    4    1    0
3316    1    1    1
3316    1    1    3
3316    1    1    6
3317    4    1    0
3317    4    1    1
3317    4    1    3
3320    4    0    0
3320    1    0    1
3321    4    0    0
3321    4    0    1
3321    4    0    3
3323    4    1    0
3323    4    1    1
3323    4    1    3
3323    4    1    6
3326    4    1    0
3326    4    1    1
3326    1    1    3
3326    1    1    6
3327    4    0    0
3327    4    0    1
3327    4    0    3
3330    4    0    0
3330    4    0    1
3330    4    0    2
3333    4    0    0
3333    4    0    1
3333    4    0    3
3333    2    0    6
4101    4    0    0
4101    4    0    1
4101    4    0    2
4102    4    1    0
4102    4    1    1
4102    3    1    3
4102    2    1    6
4103    4    1    0
4103    3    1    1
4103    3    1    3
4103    2    1    6
4104    3    1    0
4104    4    1    1
4104    3    1    3
4104    2    1    6
4106    4    1    0
4106    3    1    1
4106    3    1    3
4106    2    1    6
4107    4    1    0
4107    3    1    1
4107    3    1    3
4107    2    1    6
4108    4    1    0
4108    3    1    1
4108    1    1    3
4108    1    1    6
4109    4    1    0
4109    4    1    1
4109    4    1    3
4109    3    1    6
4110    3    1    0
4110    2    1    1
4110    3    1    3
4110    3    1    6
4111    4    0    0
4111    4    0    1
4111    4    0    3
4111    4    0    6
4112    4    1    0
4112    4    1    1
4112    2    1    3
4112    2    1    6
4113    4    1    0
4113    3    1    1
4113    4    1    3
4113    4    1    6
4116    3    0    0
4116    2    0    1
4116    2    0    3
4116    2    0    6
4301    3    1    0
4301    2    1    1
4301    2    1    3
4301    2    1    5
4302    3    1    0
4302    3    1    1
4302    3    1    3
4302    3    1    6
4303    4    0    0
4303    4    0    1
4304    4    1    0
4304    1    1    1
4304    1    1    3
4305    4    1    0
4305    2    1    1
4305    2    1    3
4306    3    1    0
4306    3    1    1
4306    2    1    3
4306    1    1    4
4306    1    1    5
4307    4    1    0
4307    4    1    1
4307    3    1    3
4307    2    1    6
4308    2    0    0
4308    1    0    1
4308    4    0    3
4309    4    1    0
4309    3    1    1
4309    1    1    3
4309    1    1    4
4310    4    1    0
4310    4    1    1
4310    4    1    3
4310    3    1    6
4311    4    1    0
4311    1    1    1
4311    1    1    2
4312    4    0    0
4312    4    0    1
4313    4    1    0
4313    3    1    1
4313    2    1    3
4313    1    1    6
4314    4    1    0
4314    3    1    1
4314    4    1    3
4314    2    1    6
4315    4    0    0
4315    4    0    1
4315    3    0    3
4315    1    0    6
4316    4    1    0
4316    4    1    1
4316    2    1    3
4316    2    1    6
4317    3    0    0
4317    2    0    1
4317    3    0    3
4317    3    0    6
4318    4    1    0
4318    4    1    1
4318    2    1    3
4319    4    1    0
4319    4    1    1
4319    4    1    2
4320    4    1    0
4320    2    1    1
4320    3    1    3
4320    1    1    6
4322    4    1    0
4322    4    1    1
4322    3    1    3
4322    2    1    6
4323    4    0    0
4323    3    0    1
4323    4    0    3
4323    4    0    6
4325    4    1    0
4325    4    1    1
4325    2    1    3
4325    2    1    6
4327    4    0    0
4327    4    0    1
4327    4    0    3
4327    4    0    6
4502    4    1    0
4502    4    1    1
4502    4    1    3
4502    3    1    6
4503    4    0    0
4503    4    0    1
4503    3    0    3
4503    3    0    6
4504    4    1    0
4504    4    1    1
4504    4    1    3
4504    2    1    6
4505    3    1    0
4505    3    1    1
4505    2    1    3
4505    2    1    6
4506    4    1    0
4506    3    1    1
4506    2    1    3
4506    2    1    4
4507    3    1    0
4507    3    1    1
4507    3    1    3
4507    2    1    6
4508    4    0    0
4508    4    0    1
4508    4    0    3
4508    4    0    6
4510    4    1    0
4510    3    1    1
4510    2    1    3
4510    1    1    6
4512    3    1    0
4512    2    1    1
4512    2    1    3
4512    2    1    6
4513    4    1    0
4513    3    1    1
4513    3    1    3
4513    2    1    6
4514    3    1    0
4514    2    1    1
4514    2    1    3
4518    4    1    0
4518    3    1    1
4518    3    1    3
4518    3    1    6
4520    3    1    0
4520    4    1    1
4520    3    1    3
4520    4    1    6
4522    2    1    0
4522    4    1    1
4522    3    1    3
4522    2    1    6
4701    4    0    0
4701    2    0    1
4701    3    0    3
4701    2    0    5
4702    4    1    0
4702    4    1    1
4702    4    1    3
4702    4    1    6
4703    3    1    0
4703    2    1    1
4703    1    1    3
4703    2    1    6
4704    4    1    0
4704    1    1    1
4705    4    1    0
4705    4    1    1
4705    2    1    3
4707    4    1    0
4707    4    1    1
4707    3    1    3
4707    2    1    6
4709    4    1    0
4709    4    1    1
4709    4    1    3
4709    2    1    6
4710    4    1    0
4710    2    1    1
4710    3    1    3
4710    1    1    6
4711    4    1    0
4711    2    1    1
4713    3    1    0
4713    2    1    1
4713    2    1    3
4713    2    1    6
4714    4    0    0
4714    4    0    1
4714    4    0    3
4714    4    0    6
4715    4    1    0
4715    3    1    1
4715    2    1    3
4715    1    1    6
4716    4    1    0
4716    2    1    1
4716    2    1    3
4716    1    1    6
4717    4    0    0
4717    4    0    1
4717    4    0    3
4718    4    1    0
4718    2    1    1
4718    4    1    3
4718    2    1    6
4720    4    1    0
4720    4    1    1
4720    4    1    3
4720    2    1    6
4721    4    1    0
4721    4    1    1
4721    4    1    3
4721    2    1    6
5101    3    1    0
5101    3    1    1
5101    2    1    3
5101    2    1    6
5102    4    1    0
5102    2    1    1
5102    1    1    3
5102    1    1    6
5103    3    0    0
5103    4    0    1
5103    4    0    3
5103    4    0    6
5104    3    1    0
5104    2    1    1
5104    2    1    3
5104    1    1    6
5105    2    1    0
5105    3    1    1
5105    2    1    3
5105    3    1    6
5106    2    0    0
5106    2    0    1
5106    1    0    6
5107    4    1    0
5107    4    1    1
5107    4    1    3
5107    3    1    6
5108    4    1    0
5108    3    1    1
5108    2    1    4
5108    3    1    6
5109    2    0    0
5109    2    0    1
5109    3    0    3
5110    3    1    0
5110    2    1    1
5110    2    1    3
5110    2    1    6
5111    4    1    0
5111    3    1    1
5111    2    1    3
5111    2    1    6
5112    2    1    0
5112    2    1    1
5113    3    1    0
5113    2    1    1
5113    2    1    3
5113    2    1    6
5114    3    0    0
5114    3    0    1
5114    2    0    3
5114    3    0    6
5115    4    1    0
5115    3    1    1
5115    3    1    3
5115    3    1    6
5116    4    1    0
5116    3    1    1
5116    4    1    3
5116    2    1    6
5117    2    0    0
5117    3    0    3
5118    3    1    0
5118    2    1    1
5118    2    1    3
5118    1    1    6
5119    2    1    0
5119    2    1    1
5119    2    1    3
5119    1    1    6
5120    3    1    0
5120    2    1    1
5120    2    1    3
5120    2    1    6
5121    2    0    0
5121    3    0    1
5122    3    1    0
5122    3    1    1
5122    3    1    3
5122    2    1    6
5123    4    1    0
5123    2    1    1
5123    2    1    3
5123    1    1    6
5124    3    1    0
5124    2    1    1
5124    2    1    3
5124    1    1    6
5125    4    1    0
5125    4    1    1
5125    2    1    6
5126    3    1    0
5126    2    1    3
5126    2    1    6
5131    4    1    0
5131    3    1    1
5131    2    1    3
5131    3    1    6
5132    2    1    0
5132    2    1    1
5132    1    1    3
5301    3    1    0
5301    3    1    1
5301    3    1    3
5301    2    1    5
5302    4    0    0
5302    4    0    1
5303    2    1    0
5303    2    1    1
5303    2    1    2
5303    2    1    6
5305    3    0    0
5305    3    0    1
5305    3    0    3
5305    4    0    6
5306    2    1    0
5306    2    1    1
5306    1    1    2
5306    1    1    6
5307    2    1    0
5307    2    1    2
5307    2    1    6
5308    4    1    0
5308    2    1    1
5308    1    1    6
5309    4    1    0
5309    4    1    1
5309    3    1    3
5309    2    1    6
5310    3    0    0
5310    2    0    1
5310    2    0    3
5310    2    0    6
5311    4    1    0
5311    2    1    1
5311    2    1    3
5311    2    1    6
5312    3    1    0
5312    3    1    1
5312    3    1    3
5312    3    1    6
5313    4    1    0
5313    2    1    1
5313    2    1    3
5314    2    1    0
5314    2    1    1
5314    1    1    3
5315    2    1    0
5315    3    1    1
5315    3    1    3
5315    2    1    6
5316    3    0    0
5316    4    0    1
5316    4    0    6
5317    3    1    0
5317    3    1    1
5317    2    1    3
5317    2    1    6
5318    4    1    0
5318    3    1    1
5318    3    1    3
5318    3    1    6
5319    3    0    0
5319    3    0    1
5319    3    0    3
5319    3    0    6
5320    3    1    0
5320    2    1    1
5320    1    1    3
5320    1    1    6
5321    3    1    0
5321    3    1    1
5321    3    1    3
5321    2    1    6
5322    2    1    0
5322    2    1    1
5322    1    1    6
5324    2    1    0
5324    2    1    1
5324    2    1    3
5324    2    1    6
5325    4    1    0
5325    2    1    1
5325    2    1    3
5325    1    1    6
5326    4    0    0
5326    4    0    1
5326    3    0    3
5326    4    0    6
5328    4    1    0
5328    3    1    1
5328    3    1    3
5328    4    1    6
5329    4    0    0
5329    2    0    1
5329    3    0    3
5329    4    0    6
6101    2    1    0
6101    3    1    1
6101    3    1    3
6102    3    1    0
6102    1    1    1
6102    1    1    2
6103    4    1    0
6103    4    1    1
6103    4    1    3
6103    3    1    6
6105    3    0    0
6105    3    0    1
6106    4    1    0
6106    4    1    1
6106    4    1    3
6106    3    1    6
6107    2    1    0
6107    2    1    1
6107    1    1    3
6107    1    1    6
6108    4    1    0
6108    2    1    1
6108    2    1    3
6108    1    1    6
6109    3    1    0
6109    2    1    1
6109    2    1    3
6109    2    1    6
6110    2    1    0
6110    2    1    1
6110    2    1    3
6110    2    1    6
6113    2    1    0
6113    2    1    1
6113    2    1    3
6113    2    1    6
6114    2    1    0
6114    3    1    1
6114    3    1    3
6114    3    1    6
6115    4    1    0
6115    4    1    1
6115    3    1    3
6115    4    1    6
6116    4    0    0
6116    3    0    1
6116    3    0    2
6118    3    0    0
6118    3    0    1
6118    2    0    3
6118    2    0    6
6119    3    1    0
6119    2    1    1
6119    1    1    3
6119    1    1    6
6123    4    0    0
6123    4    0    1
6123    4    0    3
6301    3    0    0
6301    2    0    1
6301    3    0    3
6303    4    1    0
6303    4    1    1
6303    4    1    3
6303    4    1    6
6304    3    1    0
6304    3    1    1
6306    4    1    0
6306    4    1    1
6306    4    1    3
6306    4    1    6
6307    4    0    0
6307    4    0    1
6307    2    0    6
6308    4    1    0
6308    3    1    3
6308    1    1    6
6309    3    0    1
6309    3    0    3
6309    3    0    6
6310    4    1    0
6310    4    1    1
6310    3    1    3
6310    3    1    6
6312    4    1    0
6312    4    1    1
6312    2    1    3
6312    1    1    6
6313    4    1    0
6313    3    1    1
6313    4    1    3
6313    2    1    6
6315    4    1    0
6315    2    1    1
6315    2    1    3
6315    2    1    6
6317    4    1    0
6317    2    1    1
6317    3    1    3
6317    2    1    6
6318    4    1    0
6318    3    1    1
6318    3    1    3
6318    1    1    6
6320    3    0    0
6320    3    0    1
6320    3    0    3
6320    4    0    6
6321    4    1    0
6321    3    1    1
6321    1    1    6
6323    4    1    0
6323    2    1    6
6327    2    1    1
6327    2    1    3
6327    2    1    6
7101    4    1    0
7101    3    1    1
7101    2    1    3
7101    1    1    6
7102    4    1    0
7102    4    1    1
7102    4    1    3
7102    4    1    6
7103    4    1    0
7103    4    1    1
7103    3    1    3
7103    1    1    6
7104    3    0    0
7104    2    0    1
7104    2    0    3
7104    2    0    6
7105    4    0    0
7105    3    0    1
7105    4    0    3
7105    3    0    6
7106    4    1    0
7106    2    1    1
7106    1    1    3
7106    1    1    6
7107    4    1    0
7107    4    1    1
7107    3    1    3
7107    3    1    6
7108    2    1    0
7108    2    1    1
7108    4    1    3
7108    2    1    6
7109    4    0    0
7109    4    0    1
7109    4    0    3
7109    4    0    6
7110    3    1    0
7110    3    1    1
7110    2    1    3
7110    1    1    6
7111    3    1    0
7111    4    1    1
7111    3    1    3
7111    2    1    6
7112    3    1    0
7112    2    1    1
7112    3    1    3
7112    2    1    6
7113    2    1    0
7113    2    1    1
7113    2    1    3
7113    2    1    6
7114    2    0    0
7114    2    0    1
7114    2    0    3
7114    2    0    6
7115    3    1    0
7115    4    1    1
7115    3    1    3
7115    3    1    6
7116    3    1    0
7116    3    1    1
7116    3    1    3
7116    2    1    6
7117    3    1    0
7117    2    1    1
7117    3    1    3
7117    2    1    6
7118    3    0    0
7118    2    0    1
7118    3    0    3
7118    1    0    6
7119    4    1    0
7119    4    1    1
7119    4    1    3
7119    3    1    6
7120    3    1    0
7120    3    1    1
7120    2    1    3
7120    2    1    6
7301    2    1    0
7301    2    1    1
7301    2    1    3
7301    1    1    6
7302    3    1    0
7302    3    1    1
7302    2    1    3
7302    2    1    6
7303    3    0    0
7303    2    0    1
7303    4    0    3
7303    4    0    6
7304    2    1    0
7304    2    1    1
7304    2    1    3
7304    2    1    6
7305    3    1    0
7305    3    1    1
7305    3    1    3
7305    1    1    6
7306    3    1    0
7306    3    1    1
7307    3    1    0
7307    2    1    1
7307    2    1    3
7307    1    1    6
7308    2    0    0
7308    2    0    1
7308    2    0    3
7308    1    0    6
7309    3    0    0
7309    4    0    1
7309    3    0    3
7309    3    0    6
7310    3    1    0
7310    2    1    1
7310    2    1    3
7310    1    1    6
7311    2    1    0
7311    2    1    1
7311    1    1    3
7311    1    1    6
7312    4    1    0
7312    3    1    1
7312    2    1    3
7312    1    1    6
7313    3    1    0
7313    3    1    1
7313    2    1    3
7313    2    1    6
7314    2    1    0
7314    2    1    1
7314    1    1    3
7314    1    1    6
7315    3    0    0
7315    3    0    1
7315    3    0    3
7315    4    0    6
7316    4    1    0
7316    4    1    1
7316    2    1    3
7316    1    1    6
7317    4    0    0
7317    3    0    1
7317    2    0    3
7317    2    0    6
7318    2    1    0
7318    2    1    1
7318    2    1    3
7318    2    1    6
7319    4    1    0
7319    3    1    1
7319    2    1    3
7319    2    1    6
7320    2    1    0
7320    2    1    1
7320    1    1    3
7320    1    1    6
7321    4    1    0
7321    2    1    1
7321    2    1    3
7321    1    1    6
8101    4    1    0
8101    4    1    1
8102    4    0    0
8102    3    0    1
8102    3    0    3
8102    3    0    6
8103    2    1    0
8103    2    1    1
8103    1    1    3
8103    2    1    6
8104    4    1    0
8104    4    1    1
8104    2    1    3
8104    2    1    6
8105    3    1    0
8105    4    1    1
8105    2    1    3
8105    2    1    6
8106    3    0    0
8106    3    0    1
8106    4    0    3
8107    2    1    0
8107    2    1    1
8107    1    1    3
8107    1    1    6
8108    2    1    0
8108    2    1    1
8108    2    1    3
8108    1    1    6
8109    4    1    0
8109    2    1    1
8109    3    1    3
8109    2    1    6
8110    4    1    0
8110    3    1    1
8110    4    1    3
8110    4    1    6
8111    2    1    0
8111    2    1    1
8111    2    1    3
8112    2    0    0
8112    3    0    1
8112    2    0    3
8112    1    0    6
8113    4    1    0
8113    2    1    1
8113    2    1    3
8113    2    1    6
8114    4    0    0
8114    4    0    1
8114    3    0    3
8114    2    0    6
8115    4    1    0
8115    3    1    1
8115    1    1    3
8115    2    1    6
8116    4    1    0
8116    4    1    1
8116    4    1    3
8116    2    1    6
8117    4    1    0
8117    4    1    1
8117    4    1    3
8117    4    1    6
8118    4    1    0
8118    3    1    1
8118    2    1    3
8119    3    1    0
8119    2    1    1
8119    2    1    3
8122    4    1    0
8122    4    1    1
8122    3    1    3
8124    3    1    0
8124    2    1    1
8124    2    1    3
8124    2    1    6
8125    2    1    0
8125    3    1    1
8125    2    1    3
8125    2    1    6
8126    3    1    0
8126    3    1    1
8126    3    1    3
8126    2    1    6
8301    4    1    0
8301    3    1    1
8301    3    1    3
8301    2    1    6
8302    3    0    0
8302    3    0    1
8302    3    0    3
8302    2    0    6
8303    2    1    0
8303    2    1    5
8304    2    1    0
8304    2    1    1
8304    1    1    6
8305    3    1    0
8305    3    1    1
8305    3    1    3
8305    2    1    6
8306    2    1    0
8306    2    1    2
8307    3    0    0
8307    2    0    1
8307    2    0    3
8307    2    0    6
8308    4    1    0
8308    3    1    2
8309    3    1    0
8309    1    1    1
8310    4    1    0
8310    3    1    1
8310    2    1    3
8310    2    1    6
8311    3    1    0
8311    3    1    1
8311    3    1    3
8311    2    1    6
8312    4    0    0
8312    4    0    1
8312    4    0    3
8313    4    1    0
8313    3    1    1
8313    3    1    3
8313    2    1    6
8314    3    0    0
8314    3    0    1
8314    3    0    3
8314    3    0    6
8315    4    1    0
8315    3    1    1
8315    2    1    3
8315    1    1    6
8316    3    1    0
8316    2    1    1
8317    3    1    0
8317    2    1    1
8317    2    1    3
8317    2    1    6
8318    4    1    0
8318    4    1    1
8318    3    1    3
8318    4    1    6
8319    2    0    0
8319    2    0    1
8319    2    0    3
8319    3    0    6
8320    4    1    0
8320    3    1    1
8320    2    1    3
8320    2    1    6
8322    2    1    0
8322    2    1    1
8322    1    1    3
8325    4    1    0
8325    3    1    1
8325    2    1    3
8325    2    1    6
8326    3    0    0
8326    3    0    1
8326    3    0    3
8326    3    0    6
8331    4    1    0
8331    4    1    1
8331    2    1    3
8331    2    1    6
9101    2    0    0
9101    2    0    1
9101    2    0    3
9101    2    0    6
9102    4    1    0
9102    2    1    1
9102    2    1    3
9102    1    1    6
9103    4    1    0
9103    4    1    1
9103    4    1    3
9103    3    1    6
9104    4    1    0
9104    3    1    1
9104    1    1    3
9104    2    1    6
9106    3    0    0
9106    3    0    1
9106    3    0    3
9106    2    0    6
9107    3    1    0
9107    4    1    1
9107    3    1    3
9107    2    1    6
9108    4    1    0
9108    4    1    1
9108    4    1    3
9108    4    1    6
9110    4    1    0
9110    3    1    1
9110    3    1    3
9110    3    1    6
9111    4    1    0
9111    4    1    1
9111    3    1    3
9111    4    1    6
9112    3    1    0
9112    3    1    1
9112    3    1    3
9112    3    1    6
9114    4    0    0
9114    4    0    1
9114    4    0    3
9114    2    0    6
9116    4    1    0
9116    4    1    1
9116    3    1    3
9116    2    1    6
9301    4    1    0
9301    3    1    1
9301    3    1    3
9301    2    1    6
9302    3    1    0
9302    2    1    1
9302    2    1    3
9302    2    1    6
9303    3    1    0
9303    2    1    1
9303    1    1    3
9303    1    1    6
9304    3    0    0
9304    4    0    1
9304    4    0    2
9305    3    1    0
9305    3    1    1
9305    3    1    3
9305    2    1    6
9306    4    1    0
9306    4    1    1
9306    3    1    3
9306    2    1    6
9307    3    1    0
9307    4    1    1
9307    2    1    3
9307    2    1    6
9309    4    0    0
9309    4    0    1
9309    4    0    3
9309    4    0    6
9310    4    1    0
9310    3    1    1
9311    4    1    0
9311    3    1    1
9311    2    1    3
9311    1    1    6
9312    4    1    0
9312    2    1    1
9312    2    1    3
9312    1    1    6
9313    4    1    0
9313    1    1    1
9313    1    1    3
9313    2    1    6
9314    3    1    0
9314    2    1    1
9314    2    1    3
9314    2    1    6
9315    4    1    0
9315    4    1    1
9315    3    1    3
9315    4    1    6
9316    4    0    0
9316    4    0    1
9316    4    0    3
9316    4    0    6