1,1,0.0198318333,1.0120214427,0.150408859,0.3520711338,0.7825825056,-0.022514592,0.2982711542,0.4019132611,0.7594597793,1.8818565589,0.226057534,-0.30056406,0.9741941325,0.1119822055,-0.16298808,0.321337578,0.3281100154,1.0252833527,2.2887486464,-0.685376284,0.4606909822,1.4057802626,-0.106042404,-0.783725631,0.869840425,0.1091568659,0.7361236202,-1.164112464,-0.877183401,-0.411182949
2,0,1.0874561865,0.8045761416,0.5336773154,1.273923925,-0.99678978,-1.554536317,-0.799771709,-0.036399132,-0.937354144,-0.27017193,1.2255365303,1.0388866526,-0.032338288,0.8341187329,-0.594497104,-0.120047113,-1.098804947,0.0780429771,0.8881752179,2.0572452355,1.3696433436,-0.931904115,-1.153601891,-1.045526911,0.7567810724,1.2565441389,-1.903770782,-1.435947026,0.4178657885,-2.293160988
3,1,-1.732370683,-0.743536636,0.8700742987,-0.474483617,-2.467006382,-0.250791915,-0.350025567,0.5595258825,0.5944944608,0.4617769256,-1.671480857,1.9077653662,0.5341836779,-0.152794865,1.2747883421,0.0566921476,-1.595065309,-0.825193504,-0.292313994,1.045567115,-1.880134834,-1.733787416,0.182198356,1.6041706497,1.240075488,-1.56341358,1.0463002082,-0.117820085,0.7580607838,-1.274002251
4,0,-1.56196148,0.085802306,0.5884908992,-0.927459647,0.7285592462,-1.040093812,1.9328750607,-1.122437974,-0.331204294,0.1153052953,-0.23795621,-0.124169449,1.3440195555,-0.894769114,-0.400201001,-0.502105622,-0.893226724,-1.529426819,0.5806419282,0.5603407245,0.7337265359,-0.216561393,-1.10806487,0.5257469845,-0.001888963,-1.378381437,1.268293621,-1.633450053,-0.092133419,-0.191811856
5,1,0.1844275328,1.5461050461,-0.861390294,-0.372581469,-0.018906873,1.1038859419,0.3306720146,-1.063815597,-1.028704003,0.4501286794,2.0220531146,-0.389428201,-2.028232309,-0.164482631,1.0121158024,-0.308320632,2.4954977129,-1.395434341,-0.216762518,-1.967148667,0.3922493072,0.4467729791,0.059411914,0.7285637674,0.2895758426,-0.359760615,-0.726466302,0.0809507426,1.5857121834,0.8197811873
6,0,-1.413356161,0.9135633037,0.214487787,-1.098869004,0.9834339862,1.5066703037,2.3204596702,0.0392380744,0.2507442862,1.4066473243,1.6514134443,-2.225422253,-0.360901999,1.1862794322,-0.4738369,-1.660663611,0.3377732133,-0.25092515,-0.214528261,2.0172060905,0.9527032446,0.4608529813,-0.486745556,-1.467467312,-1.208193747,-0.648482602,-0.292633464,-0.566269511,0.00359458,-1.47357383
7,0,-1.152769249,0.9921930391,0.452647645,0.3681992966,-0.463937402,0.5199452779,-0.261817404,-0.69277098,1.252461211,-0.157790079,0.3360386693,1.3740633577,-1.389480545,-1.634477955,-1.253305252,-0.075223955,0.9548943491,0.1644148035,-0.913747209,-0.616864646,-0.44250814,1.0296006751,-0.762158886,-2.263748619,-0.686552225,0.9441439633,0.2585576767,2.2425844069,-1.336568681,-0.386845882
8,1,-0.422097555,1.521829345,1.2346375516,0.7562893888,1.5764532304,-0.150605375,-0.00241308,0.5081576049,0.2876746772,-0.558115187,-1.504836476,0.1647029298,0.1006822685,1.5899852625,1.1847075405,1.279641587,0.5260226815,1.1084742935,-0.603489834,-0.169430961,1.5017546244,-1.130908454,-0.840079266,0.9287527696,0.8202933056,0.2899850398,-0.602774757,0.6237935848,0.0819676655,1.0919689057
9,0,-0.128156902,0.0000633507,0.4963901967,2.0084108027,-0.948178229,-1.864005908,0.3357009437,-0.602947156,-0.170651987,0.4028505404,-1.402889519,0.1569646047,-1.692076254,0.7994104616,-0.463495866,1.0634523208,-0.457536648,-0.224215531,-1.229875587,0.1197144445,-0.263108538,-0.794363417,-1.535470627,0.7572772861,-1.315711995,-1.066771978,-0.387705054,0.1264458366,-0.008273764,-0.994317382
10,0,-0.860729444,1.7320073057,-3.004425417,-0.286389999,0.272915355,-0.316471565,-0.137633984,0.0735766289,1.909718874,0.060301953,-2.220111486,-1.072212232,-0.349459478,0.6825277515,0.3943168732,0.2855666445,1.6478450687,-1.010043067,0.1048149037,0.7413412589,-0.539500538,0.2456751131,2.3727522686,-0.598926041,-2.360777847,1.4333319635,0.4653654626,0.0814926766,0.2815159816,-1.706714233
11,1,-0.664705282,-0.96309251,-0.968920022,-0.207159588,0.2929412823,-0.499368349,0.5197723077,0.336119752,-1.534851949,0.802058292,-2.247843491,0.0789377554,0.2823900076,0.3684989057,-0.021267275,-0.619644844,-0.765959773,-0.316596151,0.119103889,1.2124091756,-0.293295205,-1.195596438,-0.290407711,1.2213838242,0.5800774927,0.2497606754,1.154838608,-0.55551127,-2.116200554,0.8812819437
12,1,0.3387131047,1.3336954077,0.1942790016,-2.866235232,0.0780299597,-0.099117844,-0.211049938,-0.508252348,-2.288098336,-0.065845097,0.4792133165,1.0103990316,1.0490635306,-0.316490103,0.9785078958,-0.538032961,-0.97209474,-1.267972643,1.0121221418,-1.304201499,1.0779365238,0.9673190471,2.1403111211,0.5105707365,2.004198001,1.3225843923,0.1067984815,3.6816120864,0.0384408971,0.9022533216
13,1,0.5071664569,-0.02289422,0.0747691885,0.0740142048,0.1940835919,2.3545455709,0.3354331329,0.100617666,-0.521170679,0.4508839338,0.8826190789,0.0938269989,-0.186775431,-1.207828452,0.5339005637,-1.25633293,1.2196923387,-0.75235215,0.8262311157,2.3425095645,0.0493138227,0.3321737167,-0.617801834,0.1983492909,0.575608252,-1.018787059,1.1559744238,-0.453025349,-0.875155349,-0.411160831
14,1,-0.141974637,-0.129987112,0.0650312477,-0.62244774,-0.879881738,-1.244298124,0.3551783468,-0.0088378,-1.810941761,0.2587504527,0.207685577,0.672944608,0.3381143888,0.9996078289,-0.248290557,-0.342518252,-1.006685853,-0.792395137,-0.35545115,0.6484253582,0.0641143359,-0.700075296,0.0500918085,0.7063999565,0.2173244519,1.2928233705,0.5409959977,1.5833689157,1.028960679,-0.771476806
15,1,-0.098397659,-1.016241231,0.2200253304,-0.210579628,1.7653632707,-0.409815029,0.7022795221,0.2227150004,-0.185229378,-0.050015945,-0.16357695,-1.064802769,-1.686924971,1.4923700868,-0.305795458,-0.408618097,1.2669609914,-0.258554276,-0.558566053,1.1173564843,0.6211796462,-0.388560528,-0.281666206,0.3008436818,1.3236100737,-0.584643287,1.5307943575,-2.363799926,-0.877892569,-0.560232522
16,0,-0.832837403,-0.22248555,0.6329465706,-1.840802022,-0.481016735,-1.095195315,0.7675743505,1.3463311078,0.3442105241,0.5990376161,-0.014221315,0.2206703159,0.50840252,0.4770138959,-0.089417067,0.415389075,0.9920897628,1.1380775579,0.284639318,-0.873919367,0.6279279811,-0.478265431,-0.845704241,-0.428495259,-0.83301151,-0.688880228,-0.764089943,-0.550433555,0.9063437373,-0.2316865
17,1,1.5366361484,0.5669330172,-0.57827791,2.6969416625,1.276058199,-0.270819938,0.9300968503,-1.573308658,1.2172095346,-0.231544495,1.2744819585,-0.597908231,0.0696094863,-0.837669917,1.808919985,0.7829562504,0.1788398005,-1.534025002,-1.015757725,-0.026035802,-0.093224811,-0.447020313,0.7070067801,1.6297216465,-1.051971331,0.3250998788,0.2490482539,-2.332985413,1.3255918446,-0.964138088
18,0,-0.344037662,1.2683438127,-0.658738345,0.0071576148,-1.167227969,1.208566234,-1.468170191,-0.025700007,0.2765866701,0.9209192025,-0.855560076,-0.934754987,0.8902570663,0.8162185043,0.7208347761,0.1149972364,-0.438696588,1.6693032532,-0.149248635,-2.187501073,-1.504575742,-0.319878218,0.9417759072,-0.812233635,0.2957009616,-0.356829954,0.42396539,-0.945944956,-0.146179605,2.3275624349
19,1,-0.566656407,1.0073703788,1.391433518,-0.343658677,-0.564833234,0.3697156497,1.1253512846,0.6433699284,-0.058280219,-0.393352838,0.6160100892,2.0260992663,0.2983217798,-1.56128966,0.5709503352,-0.518788921,-0.023218941,1.8881141148,-0.742819668,0.3261588206,-1.438785812,-0.949738941,0.9102741686,0.1510089181,0.6108680667,-0.179506854,0.3461427976,0.3597673634,0.588525026,-0.033485228
20,0,-0.956785896,0.9308930279,-0.494949056,0.6697975428,-1.021696911,-1.533851187,1.2402394072,-0.464305772,-0.675686274,-2.563412526,0.5485049349,-0.338262536,-1.65722836,-1.015359111,-0.683234139,-1.801308334,0.5035882939,2.5003492584,1.0483428314,-0.550126797,-2.240424859,-1.858271359,0.1156181443,-0.769053622,0.6186484098,0.1750222672,0.4827691122,0.8211555372,1.9463956354,0.524908422
21,0,-0.225370764,-0.098206532,-0.609596987,-0.521225204,-0.476803189,0.0585744101,-2.159833677,0.0583716478,-1.303073813,-0.126615233,-1.814369515,-0.83017724,0.8804364167,-1.524541403,1.365217704,-0.067259322,-1.845108426,-0.606178005,1.0397649931,1.1771598636,0.4970352512,-0.645332181,-0.734747845,1.3711765056,-1.213323777,-0.944288873,-0.959551587,-0.317408259,-0.007780049,-0.009576773
22,0,0.2303204266,1.8686099654,-0.866980473,0.082754106,-0.466220833,-2.469342175,-1.828459667,-1.543563572,-1.188193189,0.7167551362,1.4564732538,0.8328726224,-1.331680443,-1.315365839,-0.250102585,-1.126422614,-1.055150591,1.9780109887,0.3893629618,-1.534998714,-1.296587912,-0.601582264,-1.878852862,-0.132690507,-1.267093062,0.8193881807,-0.017309225,0.2834485893,1.0878013734,-0.643437181
23,0,0.0614849584,0.0524961416,1.3179167322,-1.700864806,-0.063217884,-0.849265674,0.046505665,-0.89890848,-1.971170684,0.0754659805,0.1181898225,1.7086933134,1.0856134935,1.1045952768,-0.870055537,-0.944175861,0.1065945703,0.4381093338,0.0012052982,1.8098078853,-0.162405217,1.4409556519,-1.890356492,-0.30763812,-1.487176192,1.0809881218,0.8425245977,-0.488125784,-1.328342278,-0.532209228
24,1,-0.428088276,0.6575001508,-0.706550047,1.6035942884,1.1936683795,-1.44130229,1.2719692489,0.2161376716,0.264329619,-1.72694271,0.4002758216,0.2562188322,1.0615471137,-2.163702721,0.5727146794,1.6240513386,-0.145951337,-0.772593442,-1.151870741,0.4591545497,-0.52236143,-0.331128803,0.0564676866,-0.014301738,2.5538450128,1.5488726811,0.6185907156,2.2393173189,-1.042599352,1.0632090814
25,1,-1.694011678,-0.577528608,-0.134515083,-0.154505828,-0.007660437,-0.808380581,0.0118489253,-0.259916199,1.2627259924,0.3958163701,-1.941511108,1.1641813422,-2.226310322,0.4138194571,-1.184035536,1.1677956892,-0.531106921,-1.043528378,-0.04259626,-0.800433233,-0.253631688,0.1868410334,0.4182389126,1.0704064281,-0.908248456,1.199914915,0.361472979,-1.344452299,-1.621407503,1.9862740003
26,1,0.2554505939,0.9707235256,-0.131338638,-1.087660825,1.5476780002,-1.570896272,1.1606502234,-0.720130769,0.0579509916,0.0177037263,0.4122455106,-0.796570777,1.6829143048,-0.50057966,0.5878593333,0.8763169875,-0.805961991,0.8435839626,-0.345035521,-0.025091433,0.2129882059,-0.462967237,0.491216244,1.0670523348,0.293569525,1.3715633262,-0.415838906,-0.354442842,-0.238128781,0.9964357148
27,0,-0.255403256,1.3913475342,0.4702593949,-0.243829158,1.139269384,-2.766135412,0.0491649753,1.051751805,0.1265184849,0.5183317023,-0.595057733,-2.136499644,0.3087941296,-0.808998693,2.0147752513,-0.334421586,-1.911044933,-0.451359687,-0.272464044,0.4124894747,0.0587499129,0.6718580751,1.1328999907,0.7869274877,0.0068924694,2.0200340393,-0.318990968,0.6135527449,-0.348221771,-0.660777877
28,0,0.4627046439,-0.33022059,-0.715339135,1.0269196243,-0.719103274,2.159142106,1.9628970292,-0.252951928,0.0310895037,-2.185501522,-0.405933743,-0.54473389,1.5473789235,0.0156568125,-1.459300145,0.7631586173,0.7825106658,0.4132458916,-0.880217967,-1.318934801,2.02718289,0.943048014,-1.845628034,-0.682592453,-0.958686526,0.3056728212,1.6266160351,1.5627571611,-0.657910727,0.4653278919
29,1,-0.014337317,-1.91600692,0.3366620973,1.2141758435,-0.416262429,-0.842668422,0.5614619165,2.5624218897,1.7509069559,1.5124047264,1.0462487197,-2.158109782,1.7004422053,1.1543049811,-0.306547488,0.6873083563,-0.430545525,-2.211847183,-0.036075276,-1.330050154,-0.482812823,0.507234417,0.6526787919,0.2793243512,0.1280830266,0.0706620493,0.2695594323,-0.313246974,-0.225080134,0.6693454312
30,0,-0.669877877,0.0750703436,-0.151191489,2.5097409261,-1.303673649,0.190046352,-0.791699116,0.7179764678,-0.024786179,-1.16413585,-0.298051141,-1.207238883,1.0064418329,-0.037750164,0.5308350569,-0.310274409,-0.281038531,-0.10897457,0.0083862051,-0.141660745,-0.804609697,-2.675229281,1.063436964,0.0909913746,1.6944554249,0.2669867318,0.9993522996,-1.825775162,0.1065870298,1.4970375348
31,0,0.2777349677,-0.746049908,0.8823881318,0.6890059461,-0.074962511,-0.310034652,0.3347246567,0.7202412963,0.335464874,-0.516073855,-0.021659014,-0.405403246,-1.546139634,-1.275136287,1.2081160328,-0.782453431,-0.161703215,0.8533445402,-0.199987268,-0.556145124,-0.007972299,-0.735709557,-1.269001024,-0.217319443,0.3606017087,-2.051279429,1.0922754185,0.3317128366,0.7391169036,0.5562905192
32,1,-0.497953002,-0.782131356,1.8329978909,0.4557019739,-0.803798902,1.0089929842,-0.62191312,0.7759757655,0.1887514423,-0.781577486,0.2811763423,-0.970385886,1.6210185979,0.130612635,0.2401113106,-0.326936713,1.8650231195,-0.30398684,-0.025268765,0.3814586435,0.4842035551,1.0773161802,1.1536794368,-0.739232835,0.5457626465,0.2383859741,-0.279372045,0.2999739235,-1.111150553,0.8074811159
33,0,-1.513696563,-1.070557695,1.9032983178,1.8897460085,0.3565676274,-0.735921014,-1.55222394,0.5883854207,1.0456561446,0.6377669641,0.1401894604,1.2667571252,-1.022371329,-1.97746923,1.2208347508,-1.865108697,0.5150198437,0.2909940072,0.6209972081,-0.003957901,1.0323186016,-0.431333323,-1.123359018,-0.303741524,-0.5501217,-1.220344648,-0.649506046,-0.931717401,0.7032110425,-0.701477165
34,1,0.5233621608,0.861802297,1.6874569736,0.229867193,-2.543106103,-1.796884107,1.6018717987,1.6801318564,-2.173405863,-0.259560553,-0.90305963,0.8168635234,0.1244055428,0.3046335618,-0.360832574,-0.424937902,-0.74376882,0.0142526789,0.1821275815,-0.17910592,0.7598320365,0.3851385907,0.5366378606,0.594608346,0.4069326265,-0.663062511,0.7251714027,0.1749689332,-0.49776127,-0.524290996
35,1,0.9175116655,1.04521681,-0.270684099,-1.039398371,-0.932288295,-0.467066276,-0.009104167,0.3150430419,-0.375400277,-0.603172043,0.5816971499,-1.223815987,-0.186172261,-1.269513667,-0.16818683,-0.83650951,-0.015142013,-0.559092937,0.7299231824,0.78078903,1.4428014371,0.8131540815,-0.240119656,0.8209747006,-0.255125571,-1.655239851,0.1911007889,-0.367444331,-0.747560307,0.8708282598
36,0,0.3716362048,-0.691857844,3.1687914987,-0.468029181,1.2508192361,0.3839436995,0.3964563204,-0.446938093,-0.227618706,0.4203975855,-0.174284448,2.684478022,-0.77349366,-1.321115631,0.0264236888,2.2540520198,-0.039144498,0.008165647,0.2817022831,-1.958362779,0.1726853759,0.7105642817,-0.989561613,-1.557175154,0.4754858351,-0.702372918,-1.156662968,0.9462694548,-0.461343787,0.3063149465
37,1,-0.849966263,-0.72303904,0.8815028591,0.8790978647,0.2916182378,1.1776269322,-0.45114045,-2.142721188,-0.888746937,-0.673634662,-0.536116112,-0.305326044,1.829878647,-1.193283294,2.0349589336,-0.026376853,-1.480099628,-0.797316987,-0.89244547,0.5490689495,-1.797593235,-0.764810963,1.1394063647,-0.478925913,0.5545711807,0.0432796397,-0.170049426,2.0887753637,0.8656676547,0.1333871354
38,1,-0.168632966,-0.664473751,-0.854186242,-0.827557443,-0.400231967,-0.226520307,1.4827608909,-1.015442646,0.6810225166,0.8679852056,2.0270697309,1.1300378075,-0.602351332,0.0704288671,0.721411207,0.6091651628,-1.081281115,0.4480504075,-2.11604393,-1.965958624,0.469717253,0.7003855527,-0.508467026,0.2742211302,-0.549322548,1.5907273786,2.7566395734,0.1484908773,0.1799822957,-1.408011529
39,0,0.3108176453,-1.354951838,0.1221086365,0.1962029206,-0.3268204,-1.248982559,0.1252750762,0.3761216247,0.2422626854,-1.850859574,0.4001182334,0.0011119099,-1.359769912,1.4268939756,-1.326389705,-0.773290308,-0.930029872,-1.31753517,-1.777700157,-1.353158682,0.9830802087,-0.749792453,-0.239008038,-0.209669067,-2.086952169,0.9215590643,0.3674452714,0.4113776033,0.6573708939,-0.055186685
40,0,-1.15924648,1.2094986955,-0.696916751,0.6530540443,1.319662446,-0.590779012,0.2534230271,-0.983357959,-0.589041594,-1.900092346,1.9530216676,-1.532832085,0.2451893814,-0.274306665,0.4320712743,-1.080851347,-0.863772041,-0.784024854,0.196240097,0.8729380634,0.8735149802,-1.227550939,1.794545948,-0.332555047,0.5175203527,1.2151817123,-2.719434052,0.1439252622,1.8780638832,0.3200126451
41,0,0.4293834771,-1.021000159,0.3723363337,0.8356927759,0.986113714,0.0377343116,-0.184620309,0.723297531,1.7676908411,0.6257636182,-0.49949234,-2.457828518,0.4649174309,1.3020740301,-1.152093499,0.9333430859,-1.293604846,1.9216971816,1.3600105559,-0.180580612,1.8030159812,-2.738569681,1.0822095124,-1.046933869,-0.022849346,-2.420682731,-0.861513443,-0.63082795,2.6562009364,-0.118461148
42,0,1.8031727396,0.6107780757,1.9378557943,-0.035985213,1.013474945,4.3065496195,0.0170483845,-1.156182816,0.7978963642,-0.704580611,0.4686540925,-0.683865589,1.9554408077,0.6721795885,0.0359954127,-1.009543388,-0.028854935,-0.012842691,0.809466233,0.8231742138,-0.51563681,0.7431342536,-0.169230271,0.0507089852,0.4100315029,-0.175408716,-0.365106866,0.5187438984,-0.229649889,1.4112974038
43,0,1.3891940802,-0.377638064,0.7811649225,0.8261785147,-1.204757416,-0.367893515,1.4084844028,-0.514486906,1.3216311637,-0.385780872,0.0254460498,-0.283448015,0.1853108319,0.3588949775,2.7798049156,0.5099724387,-0.129281982,0.6701179559,0.3107979054,-0.25787513,-0.012899592,0.7632731505,-1.014465537,-0.046826312,-1.044597879,1.6343959022,-0.433709122,-0.141431216,0.5681064413,-1.097429196
44,0,-0.806783931,0.3281123156,-0.675868725,1.1059054301,-0.345140966,-0.170874687,0.6364904949,0.7808522316,-0.008700737,0.0220529889,-0.690186751,0.8326244605,-0.748470102,0.0531059543,-0.226258144,0.4506963123,0.408643473,-0.413787512,-0.015917279,-1.141953881,-0.907097482,0.3616762032,-0.75070927,-0.691609619,0.7364492198,-1.338430309,-0.491865887,-0.290149227,-0.91388673,-0.107400359
45,1,1.2343017739,-0.730296009,2.2091192535,-1.619737929,-0.938191001,1.5563360352,1.4541492965,-0.797345677,-0.78067518,1.0063402227,-0.953153252,-0.340337516,0.3205597664,-0.556738613,0.1743105436,-0.999098348,0.2247725928,1.0177139852,2.1884677724,-0.93393286,-0.378374068,0.3149340652,-0.261578792,0.7736774601,0.6248066209,0.4777409011,0.6634384005,-0.649879155,-0.453667559,-0.587411293
46,1,-2.00224678,0.9814458142,1.1985882443,1.1934783655,1.1334334882,0.6232168591,1.3258417683,-0.921738608,0.9222828793,1.1306891234,-0.362306762,-0.202420087,0.4848488516,0.432589636,-0.816431905,-0.734663428,1.5973865476,-0.021648352,1.5881829056,0.7087073454,1.2250130297,1.2620522534,-0.289585556,0.0409041258,1.1309821579,-0.625102355,0.3822230937,-1.974622813,-0.645022399,0.7785780645
47,1,0.9105193909,1.2384718323,0.0043044261,0.227879758,0.2608805153,-1.556178058,2.4081081562,1.4767768928,1.6049415846,-1.709765806,0.2529268527,0.8609265629,-0.921147318,-1.196285093,-0.114282838,0.4254612537,0.5877693377,-0.447873917,-0.067733521,0.3779644318,-2.060740372,-0.459382027,0.17359106,-0.308997646,1.308762177,1.5268567743,0.1287121615,-1.642534027,0.4304674772,-2.01107292
48,0,-0.286320034,0.7553547593,-0.775365814,-0.499773712,0.3740777121,0.2395088532,0.4496567894,-0.206580579,-0.067736664,-0.901090378,0.4423310947,-0.153352851,-1.578915954,-0.543854035,-0.881166589,0.0472345347,-0.426276676,-1.09770908,0.3923885862,-0.096309939,0.0269523683,0.1274279529,-1.614049677,0.2968756977,-1.020763531,-1.400390687,-0.714506652,1.0650350077,-1.670213704,1.3558725582
49,1,1.0178358955,0.7375262186,1.0100937488,1.3444302704,-2.108361699,0.1488043652,0.8421101517,1.5889811957,-0.30087357,-0.350677112,0.2733474482,0.9315171236,0.8117657803,-0.524231902,0.3975159039,-1.332135004,-0.575729712,0.7989867296,-0.765808737,1.0445923839,-0.415944147,0.1424336354,0.7085846054,-0.0011513,0.8098334259,-0.479846042,-0.851194534,-0.185974438,0.907069753,0.9933088845
50,1,-2.26672484,0.7937654386,-0.146464388,0.9518349959,-0.127590554,0.68968064,0.043807298,-1.265343486,0.2103378367,1.7716725139,1.9010616934,2.3892347369,0.1177343874,-0.716574794,-0.059720765,0.9462688305,-0.060071086,-0.802877123,0.6488915516,0.7709164601,-0.277616559,0.6329701701,2.2367800532,0.0842894401,-0.318040563,0.180726894,-0.417672507,0.8593902863,-1.325901954,-0.026810873
51,0,0.6958878598,-0.258723941,0.793652789,2.4932716849,0.7071648065,-0.510444806,0.3301241455,1.4692630888,-0.336245737,1.1313814388,-0.279482199,-0.735204627,-1.201824012,0.344873945,0.4413519859,-0.416643101,-0.461369078,0.7780544021,0.2368649301,-0.549159117,-0.552944866,0.3421397448,-0.627585471,-0.914310143,-1.163786865,-0.504789581,0.159180032,-0.557991926,-0.672680532,0.812615924
52,1,0.6068978902,0.0931622884,0.1541523372,0.6108748059,-0.297547481,2.0063714727,-0.483807406,1.8137827394,0.0041704276,-0.280143055,0.3550403533,1.7778648252,-0.640490758,-0.086945763,1.7634927158,-0.086133972,-0.186445973,-0.561861458,0.0248861688,-0.04422558,-0.019099725,1.5965077867,0.0677943018,1.1060396907,0.887884439,-0.765029118,0.720771234,0.1864242672,-0.380839995,2.2290941162
53,0,1.4753478629,0.9520570697,0.0486361694,-1.634729916,2.0934900158,-0.874423372,-0.551227123,0.3036739339,0.2782469538,0.0565767997,-0.542531987,0.6774641254,1.4158455029,-0.232197812,-0.368922255,-0.61446525,0.1005009751,0.9875344899,0.5464061724,0.4118985523,0.6462293516,-1.33055043,-1.730426445,-1.026292393,-0.194881958,0.3508235634,-1.189404472,0.2832788502,-1.323497454,-1.200059816
54,1,-0.113652518,-0.675392274,0.2381462439,-1.423548824,1.2715688845,0.5363250509,-1.384327782,0.6527738485,-1.048867976,0.0551702605,0.2481970899,0.2292778119,-0.124213132,-0.846264352,-2.370730871,-0.826325937,0.804194979,1.7484733459,0.1865306577,0.2762488714,-0.034379419,0.1220535748,-0.797481006,0.0357686109,1.2271795579,-1.931364603,-0.818731305,-0.028677353,-0.032061195,-1.204980573
55,0,0.6583712617,1.9067952633,-1.930611253,-0.043296457,2.0803993867,-0.257887839,-1.172212882,0.664322166,-1.310079271,0.3070263933,0.2439988806,-0.651582172,-1.042334019,-1.717027025,-1.179784011,-0.127393514,0.4079087303,0.9153366494,0.0262441769,2.3801582677,-0.721293915,0.5447090812,-0.612498586,-0.137555043,-0.489875892,1.4081949017,-0.030344267,-0.316239891,1.9593447289,0.3703779814
56,1,-0.895525343,0.4830506898,0.808097189,0.5482738888,0.2626060448,-0.779968938,0.5052589007,1.0339100043,0.6672465816,-0.566315123,0.9857196499,1.6373224454,1.2083377226,0.297114387,-0.031917017,-0.148684054,0.8797192429,0.1761291456,-0.52663355,0.7239216435,0.8637266623,-1.38037751,0.3246413617,0.2172456764,0.3420096295,-1.382976527,-0.775654908,-0.432672349,-0.457189643,1.2822544097
57,0,0.3091211052,0.2640042951,-0.65651055,0.7426329607,0.7495173761,0.3636274006,-0.442369647,0.1020379503,-0.483285206,-0.721052153,-0.603074511,0.3304560873,1.1431137335,0.3992606784,0.6034331858,-0.286066107,0.7021296407,-0.297653747,-0.735783923,0.4773737617,1.7448909398,1.3922939658,-0.844841949,-0.55606787,-0.302593401,0.5409062023,-0.183289903,1.7740069642,0.1734629885,-0.284330845
58,0,0.8951646377,0.9933050693,-1.023985222,-0.413395278,-1.523538656,-0.011684357,-1.393539294,-1.038750512,-0.286327108,-1.699367981,0.2243903854,-1.421745815,-0.675782257,0.7483466418,-0.728168415,-2.473558219,0.3350696271,0.7948723322,-0.988291494,-0.633923137,-0.35389146,0.4064833371,0.1007556067,-1.242106771,-0.383440627,1.1082384813,0.0767278975,-1.484526247,0.2274459798,0.8185852788
59,0,-0.143561303,-1.076486802,2.3935811584,-0.730006163,-0.434987204,-0.756174999,-0.764536298,1.216056738,-0.316782906,0.5867363078,0.0850563553,-0.757792584,-1.005007086,1.9585886057,3.7044493965,0.7741497371,-0.216514992,0.8658061983,-0.366480729,1.3299202253,0.9018672347,0.1378795877,-1.049096874,0.8059433753,-1.032030824,0.2985573284,0.86966473,-0.548688879,1.9418834945,1.0613285134
60,0,-2.478212331,2.3104395375,-1.201329376,0.1917226395,-1.386232904,-1.339474952,-1.052184404,0.1342035975,-2.258308132,0.5072125884,1.1223092612,-1.085506057,-1.872462236,-1.811427144,-0.050042214,-0.650954671,0.7548112754,-0.614025558,-1.492447202,0.0130268652,0.0097742364,2.3878160174,-1.043471311,0.2968084503,-1.305204538,0.670584701,-1.083471811,-1.319660393,-0.225659293,0.7781159978
61,1,-1.298097032,-1.658144039,-0.511579551,0.5242373623,0.2949336406,0.0075434205,0.2822893548,1.9984979805,-1.517854507,0.2680263753,-0.560926399,-1.462956976,-0.629651462,-0.746271461,0.2430738647,-0.555179298,1.4495195412,-0.550667777,-0.593841521,-1.102769342,1.6870199083,0.6108184207,-1.200863515,0.7758345417,0.1317501152,1.2328769492,1.1446884303,0.1362613315,0.5064682888,-1.251162941
62,0,-1.169940089,-0.115752966,1.5071279448,-0.401256422,-0.938303236,-0.778510339,0.2983180399,-0.505551135,1.3457490674,0.8245806748,-1.307442092,0.1220021427,2.1190110556,1.412244807,0.8938670049,3.0844575979,-2.036732899,0.8029493396,-0.659705486,0.0422925216,-1.335410367,1.28437562,1.4426998475,-1.093532104,-1.771367705,0.7888868901,0.1862655493,-0.018507986,-1.668359273,-0.367390083
63,1,-0.4322577,-0.154597863,-0.692650017,-0.255668376,1.2261897659,1.3256213819,0.3887156834,-0.369640579,0.8349582061,-2.588741247,0.6373272782,-1.298906481,-0.167090764,0.1785205941,0.4099766903,-0.740289853,-0.68351564,-1.220106142,-0.770654692,-0.833628943,0.9097801904,1.0686827318,0.3580649258,0.3970069445,-1.317646654,-1.31704069,0.123474068,-0.194535297,0.4359887118,1.9216497336
64,1,-0.777488516,-3.433072055,-0.240236953,1.2411556447,0.1311888798,0.6546267978,1.0355868558,0.8241221556,1.4356606921,-0.225738436,1.6646775377,-0.258098433,0.1441426088,-1.196526067,-0.562022918,1.2901735771,0.9680405532,0.0619085244,-1.99538736,-1.613152074,-0.407257251,-1.026955506,1.1282122021,-0.962293387,0.1708275522,-0.891905369,-0.20557632,1.2105868692,1.4740000201,0.76927437
65,0,0.9534733371,2.2011838059,1.2814506157,-0.847080303,1.1249997483,1.1575896492,-1.573351628,0.8315353855,1.9425745195,-0.264701465,-0.609166461,0.0026436732,-1.189347581,0.1953720632,-1.575943766,-0.399801793,0.7757004195,0.456844255,0.7255795225,0.0616284502,0.4482652746,-0.636388266,1.4428965858,-0.141564118,-0.021790425,-2.170231464,-0.444202061,0.7882323915,-0.574420861,-0.422531807
66,1,-0.454531393,-1.311208122,-1.326912723,2.0845596509,-0.462921082,-1.125697106,-1.060330602,-0.536511431,0.3561526079,-0.884185152,0.6825748865,0.5478588549,1.8998339012,-2.009021109,-0.163911345,1.0962784202,0.4937528343,-0.808289499,0.1088967216,-1.212570995,-0.635770326,-0.296047878,1.6309807312,0.2832625073,-0.172391079,0.1911381051,-0.110833421,-1.281200472,-2.140762387,-0.977507187
67,1,1.0428332479,1.8849506958,-0.420716525,0.4482581084,-0.125840009,0.3049610751,-0.818448952,-0.565737747,0.2160700577,-0.984159529,0.375939655,-0.41229641,-1.03002582,0.8291897402,1.146725538,-0.126502871,-1.485020907,1.4200138262,-0.536649344,1.0179516856,0.0412812856,0.9073691244,0.3342850597,-0.114983668,1.6890254942,0.8855179009,-0.080763937,-0.097597692,-2.290794025,1.144196168
68,0,0.3455582421,0.8080775284,-0.951096462,-0.302866994,-0.063143161,1.0425890115,-0.97966339,-0.271775132,-0.050074182,0.8572168463,-0.2563595,0.1896334854,1.165167323,0.1813606078,1.5466929297,-0.24871519,-1.966651598,-0.310805018,-0.449186016,-0.285033569,0.3339269936,-2.349399677,0.86198274,-0.540590454,-0.418692503,-1.042302839,0.9556213316,0.9450978198,-0.804290362,1.9588193432
69,0,2.6709056442,0.8849886609,0.4984228867,0.9005974409,0.875915222,1.0088538368,0.7456966807,-0.833080424,-0.30885436,0.3634637973,-0.552926227,-0.243881266,0.6127140659,1.2758191011,-0.23952239,-1.701110757,-1.26820895,1.5035657737,-0.999321592,0.3834365823,-0.789279117,1.3030510264,-2.015538411,1.0433054522,-1.471374472,-0.385612815,-2.209997224,-0.136293938,-1.389264437,0.8655851772
70,1,0.3197633058,-0.21526965,-0.462011515,-0.166446244,0.8986145863,0.5917743042,1.2327964459,-0.080914361,-0.140903107,-0.946756427,-0.746606027,0.2505455481,-0.417819328,-0.983258533,-0.756471335,1.2573375367,0.3375914933,0.4683314352,-0.076782289,-1.206642601,0.9353595028,1.6005380472,0.6209070574,-1.256249857,0.4408208885,-0.045366545,-0.530851286,0.4183574356,-0.584465393,-1.160647638
71,1,-0.509280648,0.2182849671,-0.178327436,-0.051025657,-0.299094709,0.9717841727,1.8788285938,0.507637875,1.5687221719,0.0826344488,-1.539277138,2.6030123858,0.342222816,0.3750833902,0.4653028776,1.0248774509,-1.21729907,-0.298963531,-1.457542058,0.7322928307,-0.983231504,1.0691059423,1.340070689,0.9562900623,0.578404783,-0.70846219,-0.629921602,0.1679337112,-0.348096879,0.5366894648
72,1,-0.716379909,-1.124067957,0.0519294879,0.8851439751,-1.485910024,-0.671582604,-0.678715257,-1.031634973,-2.021559694,0.837547574,-0.314520408,1.0256339873,0.4897517741,-0.600055971,-0.132290895,1.0157088491,-0.215608518,0.0341090557,-1.485876345,-1.242482697,-0.583865548,-0.49126215,0.4436444017,-1.319004702,2.1678327709,-0.624756068,0.6881069333,-1.149158661,-2.183871,1.5333849524
73,0,0.3228594143,-0.125080038,0.3976600243,1.1631151784,0.922423368,1.5969987592,-0.595692821,-0.824148295,-0.861820086,0.2906065066,0.4449597889,0.3742643925,1.1324743056,0.7363734621,0.9999877023,-1.286070227,-0.815337547,1.587409361,-0.129914517,0.2790740342,-0.85385695,1.2949010927,-0.872279912,-0.872970694,0.2408779285,0.0302661426,0.0440305922,-1.876827961,1.6824500816,0.968023595
74,1,0.4223804298,-1.019168301,0.2627280271,-1.31438096,0.3678260739,0.8070655154,0.3145865323,-2.324338322,-0.873181299,-1.7541261,1.5003618225,-0.742193285,-0.479988483,-1.367181645,0.0246031985,0.6392835354,1.1010872223,1.8559776365,0.0461275704,1.5194519812,-0.426166058,1.4811543675,-0.595314496,-0.150590718,1.3540563933,1.6435984924,1.2492329359,0.3068737973,2.4741131626,-0.278706582
75,1,1.1077658034,1.453091047,1.3202057054,0.426457733,0.4073718068,0.2665626461,-0.968507574,0.783917498,-2.124400606,0.9045517206,0.1380972683,0.7090581028,0.9288554659,-1.579966152,-1.652611876,-1.496532663,-0.2572846,0.0832345387,-0.482468108,-1.070001894,-1.325277346,0.8835890349,-0.184699018,1.568524493,1.1147963661,-0.718479774,1.1476739363,-1.50803152,1.4476349622,-0.234546214
76,1,-0.226384873,1.1348931705,-0.531507518,0.158168685,1.01170824,-1.099536398,0.767180471,-0.297199819,-1.348991055,0.0267382076,-2.295371327,-0.636232639,-1.685627139,-2.33640743,-0.885249118,0.5841395231,-0.570447304,-0.499183402,-1.293821692,0.6506214985,1.5597068231,-0.689701774,1.281830809,-1.080862858,-0.711644073,-0.189003368,-0.731201435,-1.347274029,0.2013914847,-0.455049763
77,0,-0.662319222,0.2895546654,-0.407042977,-0.93283063,0.4392630977,0.0011835786,-1.107440838,-0.44066611,-1.659272274,-1.181703122,1.6250097385,1.1124812148,0.7727598225,1.0843137034,1.0593988442,-0.351112377,-0.752618747,-0.242833604,1.0298030694,-0.517592295,-0.676162453,0.558730641,1.8575959572,-1.872059747,-1.442418306,-0.659248824,0.8012747762,0.220222695,-1.04472696,-0.18142545
78,1,1.1851677664,-0.142832603,1.5505045394,0.733444443,-0.465534299,-0.683847456,-0.501693186,1.5626649382,0.1859488102,0.1017904794,-0.061824622,0.5527948332,-0.187261937,-0.704548141,0.1414491829,-1.598339262,-1.255028908,0.2016383969,-0.332971261,-0.706324446,0.7154290704,0.1151184678,-0.732465082,0.581565381,0.5974507753,-0.106088176,0.3382679856,-1.327471563,1.1819944622,-1.527962961
79,1,1.2666300125,0.1990663223,-1.100294991,-0.859566835,1.5883888725,-0.887858733,-1.837343984,0.0896453068,-1.658661042,2.4013388171,0.36281403,0.7631553789,-0.602531747,1.6356657887,-0.563196754,0.3649509287,0.0808189492,-0.002173196,-2.297115195,-0.536004627,1.1806030223,-0.506755464,2.2151375936,0.3260661247,-0.618062447,-0.709775751,-0.676954751,-1.141136906,0.7371093331,0.0264378336
80,0,-0.406975549,0.5649166601,-1.152537297,-0.455351338,-0.463935149,0.4093541998,-1.440667192,1.2814547786,0.6084289264,-0.279567485,0.9394276615,0.8476653565,0.1549848347,-2.107597805,1.2372590227,0.6670923681,-0.128343169,-3.246260666,0.2625423573,0.072533785,-0.259456464,-0.183297763,0.401851911,-1.695614893,-0.955140396,-0.262114265,0.7335066555,-0.267139276,0.8258535057,1.1728979382
81,1,1.487625969,-1.259279195,-0.598536734,0.8252879313,-0.67114149,-1.996278733,-0.620612112,-1.059267462,1.3571527521,-0.408158713,0.9623687321,0.2592735159,-1.817501054,-0.522484552,-0.293733275,-0.009537329,-0.489348955,-0.25863446,-1.424454366,-0.404780041,0.000304857,-0.054543603,0.8050882393,1.0366145293,-0.55109275,0.6688914109,0.1176075485,-0.305827078,-0.420987163,-1.083899824
82,1,-0.298986574,1.221995485,0.1509378082,0.3774258562,-0.29173117,-0.82523651,-0.525240636,-0.449806344,0.2802532298,1.3072165429,0.2780998957,1.3802904278,0.8732537478,-0.098017483,1.8505782476,0.2552548867,1.5130348501,-2.101510914,-1.221639289,-1.343016933,0.8090499853,0.3385762633,1.5576744435,-1.214467054,0.3765814272,-1.899751293,-0.584485065,-0.192023114,-0.721319131,0.2166015464
83,1,1.0827325171,-0.784592579,0.2745034354,-1.657450811,1.8219341719,1.1054833572,-0.095120624,-1.142660018,0.6010292554,-1.000174203,-0.754103632,-0.97582469,-0.129417121,1.1199279236,0.245406121,1.5478199412,0.6720519916,-1.656643529,1.0215175655,0.6408847742,-1.610335099,1.3898683039,-0.465737512,0.3145665668,1.6604125587,1.2668714829,-0.13340351,-0.105046497,0.7984609948,-0.992938004
84,1,-1.030650965,-1.603721087,0.242133766,-0.119870206,0.8835615571,0.3628887621,-0.636311895,-0.46094083,1.1857679378,-1.086044297,-0.048636748,-0.241949064,-0.671793048,1.1051809044,-1.054324034,0.6546995031,-0.58830402,0.4669730558,-0.036619001,0.7744830259,1.1682460988,1.8174583592,0.3828167108,0.0735017987,-0.313153536,-0.60137582,0.4283373379,-0.084697513,0.7604536431,-1.200713293
85,0,0.4509446677,1.9977859761,-0.766270792,-0.51531238,-0.553017605,0.1805688268,-0.92391013,-1.143725552,-0.689761018,1.0955721343,-0.042666868,-0.629499895,-0.12622493,0.1089570782,0.3135498949,-0.272816136,-0.206305556,-0.916631854,-0.253978781,-0.700876437,-0.456645427,-1.829236377,0.0962538416,0.1217325049,-0.333800646,0.4415581688,-1.088365251,-0.04055993,-0.393478712,0.2670363656
86,0,-0.5369526,-0.54727668,1.3939988623,-0.534453898,-0.174882814,-0.039951918,0.0957979582,0.4332012213,0.4392483586,1.7031868346,-0.411392756,-0.397642113,-0.141346055,-0.132576323,1.3928836968,0.0581580174,0.1310994269,1.4069334758,-0.604308291,-0.742888944,-0.113381758,0.5717823918,1.5684776212,-0.563439622,-1.016956354,0.3735579182,0.497166568,0.9000082422,-1.157204383,-0.310038955
87,0,-0.968960095,-1.598772675,-0.485110267,0.1146581228,1.3320241237,-0.511356394,0.1990226836,1.3868725473,1.9874403247,0.5000013033,1.0274632872,-0.743793306,1.1241635484,0.1005726551,1.1002378641,-0.339538459,0.7468042147,-0.105262927,-2.382989025,0.1763379538,-0.740547487,-0.625982543,-0.686047742,1.0625722328,-0.123563996,-0.377978321,-0.064045792,0.8182291904,0.8448563141,0.2202797285
88,1,-0.294759767,0.5441426571,-2.436969096,1.0000361997,0.4952579903,0.7219206159,1.420547411,0.1656513786,1.1414927469,-1.738681444,-0.871277517,-0.603534493,-1.400986986,0.821840086,-0.338423625,0.3973923926,0.4018854391,0.1382088362,-0.309794575,-0.559827442,1.3276441114,0.020344882,0.5455247208,0.2379616003,-0.386088751,-0.074521794,-1.191698758,-0.626042634,1.6037782103,0.2209221545
89,0,0.2672872975,-1.53172918,-0.501384346,0.9134676186,1.3354348518,-1.110704025,-0.411801489,-0.410194301,1.7370853414,-1.336785742,0.1265108289,-0.808128986,0.7645546034,-1.661369846,0.969589591,-0.531113562,0.4320525799,0.7596576777,-1.025438408,-0.988771325,-0.602769508,0.7789661636,-0.555304352,-0.817233189,-0.692976157,-2.169652724,-2.478311862,-0.730147799,0.6300645058,1.617230802
90,1,0.7758710471,0.7559297047,0.4543728552,-0.25561219,-0.305928382,-0.941293723,0.4716608423,1.5741089335,0.0771087029,0.7738727312,1.4900298364,1.6142194551,-0.71091659,0.9244874087,-0.611256127,-1.725257731,-0.074050541,0.543708206,0.5150961442,0.7206346951,-0.688792434,-0.438739237,-1.515139935,3.2984761096,1.2634491419,0.0633304091,-1.097591376,-0.780758962,-1.277124845,0.6966319085
91,1,-1.050712498,-1.67069052,0.6362643405,-0.575986934,0.7231829861,-0.45622114,0.5543912968,-0.510950302,-0.74397836,-0.565015762,-1.08822287,0.5632649989,0.0226531488,1.3388481224,0.2143189801,-0.196694823,0.027563284,1.3537726729,-0.570943637,1.2843696134,0.2130690075,-0.438298728,1.2668461274,2.0905274252,-0.978079092,0.8947609835,0.2681472875,-0.617831504,0.1153231009,0.769336225
92,0,0.3908994109,-1.20158021,-1.354946563,-1.237653441,2.5208308503,-0.272990808,-0.678666421,1.9772620959,-0.4180106,-0.472468252,-2.355299065,0.7121029265,0.8521044935,-0.349312838,-0.665949254,1.2380521397,0.5490900556,0.0730397544,-0.431558521,-0.512336674,-2.175988216,2.4625016499,-0.295921401,0.3135676299,-1.179674523,-0.782824878,1.4286627662,0.5374384963,-0.060699775,1.2467800397
93,0,-0.772416513,-0.112640379,-0.512515854,-0.26820418,-0.065393442,1.39483192,0.423004258,0.4651015332,0.3746404276,0.5331678319,-0.644750491,0.5162241332,-0.138272283,-1.026062715,0.6516711105,-0.085015192,0.293147585,1.1609165637,0.3999819869,0.0038522249,-0.514368422,-0.108667062,-0.138087872,0.3276916742,0.0004972842,1.3458352255,1.9195504098,0.6335615204,-0.118065083,0.4311089702
94,0,0.6402856302,1.554873406,-0.393243734,0.1683450624,1.1758857442,0.6269318234,1.1750699202,0.569342897,0.287642244,0.3747553395,-0.007389828,0.2471814578,0.1420880594,2.3246344839,0.79803634,-0.037389576,-0.519436495,0.9523687154,0.4220479947,-0.834792638,-1.250003076,-1.464775767,0.0492622346,0.9634390857,-0.313334658,-1.616645688,-1.279042067,-1.199594567,0.7860834238,1.2381948011
95,1,-0.204012519,0.1932210724,-0.570072735,-0.045051318,-0.115574839,-2.29523534,-0.533010679,0.2037731833,-1.092760232,0.2987600365,-1.018302382,0.6669926249,1.3127200173,1.0224198836,1.1745828593,-0.389527248,-0.234903534,1.504760406,-1.626061859,-0.523522002,-0.74447989,0.0289612411,1.0446357346,-0.232747097,1.2607328839,0.9545062956,0.9190910555,0.957624714,1.0364549261,-0.231256115
96,0,2.688580767,-0.139537307,1.6551175915,-2.216073195,0.4999240057,0.5404383437,-1.390196573,-0.617988149,0.5923172022,-1.662583095,0.7090701161,0.6958857295,0.6381548009,1.1672881333,1.7244611329,-1.826112302,-1.424085737,-0.017473003,0.4903679127,-1.078227999,-0.929769636,2.835743449,0.2611895361,-1.496340492,0.219628678,0.8311780234,-0.464031681,1.0088733174,-0.057246979,1.1637529654
97,1,-0.964354406,0.4586904344,-0.327167502,-1.250898327,1.0495507872,-0.728530035,0.3628030027,0.1478270061,-0.698361491,0.924414543,-3.11374423,-0.693395076,-1.92909202,1.8531652945,-1.295793511,1.2061489851,0.2459470973,1.0165991167,0.1408787112,-1.323173342,-1.026558603,-2.656234063,0.109832878,2.222187626,1.0951491875,-0.871272918,0.9856031521,-0.222013848,-1.285144009,1.6879277928
98,1,-0.598434616,0.1955562562,3.3185965025,-0.750705458,0.149708204,-0.966877547,0.1426399023,0.082584175,0.0247534441,0.6682855661,1.5339044001,-0.904837867,0.9629243745,1.366384975,-0.410818466,0.5118831721,-1.410950653,2.1481479188,1.1355041594,0.9099788894,-0.587844137,1.8827090087,1.0566396268,0.3818742429,-0.143764685,1.3538756575,-0.056155253,-0.236754311,-1.01748185,1.6987790716
99,0,0.0791772322,-0.037973281,1.1597405116,1.0163614035,-0.989242881,0.3008493527,-0.637068102,1.9708166036,-0.889251716,-0.658170669,-0.898524916,-0.506620158,1.3607718225,-0.224768557,-0.052357128,0.8532463856,0.6196097686,-1.13110149,-1.356540896,2.4236847219,1.2032799309,0.1185067081,1.3751509414,-0.092802956,-0.801100663,1.3769996339,-0.624105691,-0.648036121,0.4556004699,0.8989255012
100,0,1.4082125282,0.6782860251,1.6028424858,-0.310851703,0.6382521888,1.4479201618,1.0769613434,-0.966767052,0.9231889082,0.9875643426,-0.273756565,-1.864836395,-0.495731263,-0.740358654,0.2209704645,0.1790229107,0.413721984,0.6398470899,0.4947738259,1.6685150115,-2.130315109,-1.088866647,0.1992697874,-0.743870674,-0.606011855,-0.825467201,0.2957102923,-0.141732037,-1.417922226,0.6299765287
101,0,-1.700871286,-0.215569705,0.5054448131,0.3453893415,1.0037743233,-1.070720548,0.9961756449,-1.815017705,-1.122178226,0.0779006226,0.0057363132,0.9789612612,1.1613144513,1.3202305978,1.1047159072,-0.662187298,-0.932588443,0.0098370485,0.3955536966,-0.138012684,-0.699269087,-1.248822444,-0.425326314,-0.949734578,0.44569313,-0.638071233,-0.367963658,0.2946309361,0.6526644567,0.2036924023
102,0,-0.022929726,0.2438260048,-0.320826892,0.6358654851,0.5689865813,-1.303454553,1.2112172656,0.4862687889,-2.893874952,0.0656854555,-1.556979321,-0.074617114,-0.01829649,0.6758707104,1.6104882235,-0.609865231,-0.161465687,1.2984746677,1.3341513382,0.8369629493,0.6875757546,1.0592826808,0.4403617963,-0.45717462,-1.388244436,-0.816153937,0.4197037916,-0.826225423,-0.462952402,0.3316343643
103,0,0.893930103,1.3771710994,-1.206315686,0.4978201409,-0.260762496,-0.01367577,0.3016987914,-0.153891492,-0.712558395,-0.05674277,-0.731849071,-0.077710379,-1.617067699,-1.004448465,1.320266615,2.030716131,0.54777555,-0.520085138,-0.671037178,-1.766048781,0.6261051297,0.670210533,-0.165768719,-1.491870768,0.2122901752,-0.339143225,-0.503031372,0.4163263505,-0.925331895,-1.347495898
104,0,-1.345036015,-2.205581833,-0.618692949,0.9314705962,0.0378162815,-0.457560158,-1.565155868,0.0035300028,-1.253351077,0.9258792054,0.7882894949,0.0635912634,-1.440934396,1.0278144979,1.0267999061,1.3517847099,1.2664919488,0.4999467773,-0.113352394,-1.169815126,-2.54195898,-0.912745241,1.1048755582,0.2805166999,-1.232966134,0.426010182,-1.28991352,-1.566887128,0.5042154386,1.5595444867
105,1,0.1601295452,-0.256597496,-0.507636086,-0.569412763,0.2061926925,-0.723540289,-0.599620631,0.8573268681,0.4308360292,-1.99711371,0.9950614498,-0.564052481,-1.523829875,0.5302862242,1.0467090365,-0.91352154,1.0840718317,-0.234184694,-0.516017241,-0.582240545,0.8036086691,1.7634998916,-1.762196666,0.7895110584,0.8276094976,0.2627536861,-0.064397814,0.8806993743,0.5520136846,0.4749393066
106,0,-0.924976101,-1.262838211,-0.366463573,1.1497525925,0.2314247552,1.7387619734,-0.900445442,0.8954829622,0.1465241118,-0.615922707,2.0712549973,0.1043781888,-0.241716055,-1.230443975,0.1856986774,2.6767520331,0.895070301,-0.623524702,1.0162474691,-0.221729382,-1.427967243,-1.780952463,0.7129819619,2.2631731505,-0.269627924,-0.367770886,-0.784183821,-0.484461518,-0.429228558,-1.358991979
107,1,-1.126930407,-0.086790819,-0.495883891,-0.944913913,0.2116939482,-0.794268848,1.0889312191,0.87905251,-0.84015222,-1.274472419,-0.689541196,1.3835732359,-1.072847077,-1.063695681,-0.887472183,0.6545362616,-0.124184729,0.5200760964,0.4659070819,-1.150571408,0.3080409771,0.3937411892,-1.267285013,0.9963672898,0.5867609725,0.0156879408,-0.396043823,1.064971941,2.4145391127,0.0886981214
108,0,-0.200538026,-0.642296887,-0.070520658,-1.184614916,-0.181930141,-0.024969882,0.9099936274,1.021438635,0.895970014,-1.651220564,-0.638024582,0.0270263536,-0.307993495,-1.523020718,-0.581956012,1.1070691938,-0.286776782,0.9668215829,-0.323647203,0.9307153875,0.7572605597,-1.242312984,-0.699594526,0.2986300365,0.8556031443,1.4244200159,0.9253877377,1.6691036997,0.9136665176,1.6765016929
109,1,-1.747962491,1.4809322093,1.2638625245,0.3407667775,0.4205704779,-0.752326701,1.7645124991,0.5789243194,-0.1354326,-0.310644036,-0.93620143,0.165388052,0.8861413881,2.2107531179,-1.44842168,1.4597712127,0.1616594643,-0.296568893,0.5717133162,-1.989211069,-1.562996303,1.5345754996,1.0778603821,-0.419326827,0.8084755374,0.0808504986,1.7995126364,-0.070071054,-0.104186796,1.2309052509
110,0,-2.387879741,0.437168316,-0.788805514,-0.81751846,0.4541656758,-0.379553837,-0.102284968,-0.142375273,-1.461502433,1.3490477394,1.425096214,-2.004311663,1.1545814967,-0.51019867,0.1355882532,-0.271441962,0.9450004213,1.2871377537,0.8789479248,0.3562600938,1.1821318662,0.4028573786,-1.187707266,-0.293961276,-0.203445774,-0.565010002,-0.556534518,0.0647522012,-0.207324822,-0.794012757
111,1,1.2218501405,-0.106554236,-0.58210261,-0.041772702,-2.13557636,-0.845987893,-0.586224056,-1.739441174,-0.605401982,-1.202230952,-1.666076696,0.8360788989,0.1873359212,1.7648690128,1.2267936282,1.2187043989,0.3196538785,-2.047168617,0.1789805979,-0.152777827,-0.336167169,-0.810645625,0.1006590882,0.6013463663,0.6332052367,-1.878021048,-2.004932856,0.5522972629,-0.396939907,-0.837090623
112,0,-0.353891036,0.1257842057,-1.68879023,-0.531870613,-0.074416445,1.4950762482,-1.151807644,-1.501525459,-0.272920077,-1.336902145,0.3061969235,0.1938426028,-1.520374432,-1.1195546,0.0092386312,1.1834688877,0.2275411488,0.5767141747,-0.932808544,0.8480550793,2.1338580374,0.2110575278,-0.866350448,-0.395892491,-0.688015338,-2.294126411,-0.92315834,0.6708906913,1.8604948308,-0.088276041
113,0,-0.562194292,0.928790841,0.1428704865,1.7412074402,0.6958475366,-0.283968595,0.5960822472,-0.468013699,-0.386937362,-2.185770901,-0.054380201,0.4395768783,1.7181261642,-0.179831179,-0.290353066,0.4952746314,-0.362400179,0.0133242801,0.7059673548,-2.577931721,0.572196909,-0.528598625,0.3864843541,-1.164736989,-0.765857571,-0.384359107,0.8606807689,-0.306178066,2.409152426,0.2695179848
114,0,-0.839998589,-0.428077377,-0.437455633,-2.27679478,-1.328311928,1.2449373918,-0.489148021,-1.289763816,-0.59717913,1.3457610111,0.3248392859,-0.326922582,-0.521713895,0.6167552964,-0.989048042,0.2902450212,2.4930323515,-1.496279879,-0.207525012,0.8008509893,0.5890519716,-0.347145207,0.0920051148,-1.28767351,-1.729445888,0.6022979626,-1.33687729,-1.625219621,0.4996931539,-0.291531197
115,1,0.1835285511,0.9542805755,-0.935159904,-0.210776433,-1.032716376,-0.209100906,0.7348503692,0.1169498104,-0.945048487,-0.252949905,-0.32202053,1.1662471832,1.5301272399,0.2973059305,1.2376141547,1.1809018996,-0.991576004,0.6962442689,0.3968349628,-0.76888508,0.1803565518,0.1604976131,0.2600340497,-0.390063163,0.3244557532,-1.151875787,0.7476933426,2.3032274719,-1.299950813,0.0504864856
116,0,1.0232329255,0.5546410717,0.93345286,0.4060458345,0.5423943995,-1.628834136,0.3941613564,1.6853726974,-0.619259423,-1.302938386,-0.111217247,-1.493908839,-0.325259045,-1.877493285,0.095501506,0.9553282033,-0.040797086,0.1279403079,0.313762428,-0.429605519,0.1390309465,-0.609541838,-0.158511898,-0.879975926,0.1060756444,0.416619877,1.265669776,-2.244063031,0.2548689982,1.1007181152
117,0,-1.266482495,-0.474356358,-0.466221534,-1.170187516,0.9007042421,1.0883857122,0.9246032024,-0.171606247,-0.872950261,0.2823155256,0.7646759148,0.4203587696,1.1538006624,0.3319777912,1.8380671232,-1.393254877,-0.969316495,-0.085277238,-0.121457326,-1.566495164,-0.739536922,-2.956241129,-0.882591733,-0.443792398,-0.840765124,-1.765461046,-1.236243443,1.3883932092,1.0348858138,1.1222117872
118,0,-0.004914878,0.8860203896,-0.954258163,0.5476145478,1.3541871983,0.7396246259,-0.553842916,-1.182196629,2.0485616215,-2.090345489,-0.231345688,-1.112389728,0.4899213908,-0.802526023,1.4883000492,-1.121460519,0.2924553893,-0.113109944,-0.960729289,0.1311034219,-0.116023863,-0.177356194,-0.051016097,0.0405008668,-1.155262975,-1.154650062,1.7573793962,-0.843226188,0.1614405368,0.0072348971
119,0,-0.743143072,-1.224920427,1.7209976892,-0.023723636,-0.495869098,-0.134550414,-1.234551142,0.1682437721,1.5043054741,-0.403957327,0.4190346065,0.5170968296,0.2732929727,-0.098381848,-0.771341126,1.5121493552,-0.069883973,0.248244253,2.1520061118,-0.202251171,-1.237465862,-0.464895023,1.1686928442,-0.65978203,0.8962870911,1.0042955497,0.7471857707,-0.427657354,-1.051448543,-0.293585769
120,1,-0.962911757,-0.96347755,0.3646350713,-0.284029442,0.7816182459,0.0634606721,-1.389773352,-0.951385618,-2.918525957,0.695096191,1.1365961608,1.1870007493,0.302978522,-0.812839735,0.8598420927,0.9214202895,-1.486284405,0.7213028168,0.1216532623,0.1478705768,1.1194681815,0.3430998711,1.010519912,-0.334900704,0.7123532936,1.3300609434,-1.027669966,1.9763507389,-0.701355878,0.2323634358
121,0,-0.552606472,2.4644145527,1.3452501008,-0.468975248,0.177678582,1.1192726529,0.6068401457,0.0577208092,-0.902143508,-0.421675629,-0.083358928,-0.156795951,-1.143224896,-1.363765137,0.9091837681,-0.990371024,-0.910523816,-0.091254437,0.2193247691,-0.041912715,2.0488086938,-0.223159357,-0.6951776,-0.163455571,0.0706992305,-0.881722677,1.3400821246,-1.204343013,2.35517684,-0.253174335
122,1,0.7111709694,1.7193896192,-0.51794761,1.3709590841,-0.224885833,0.7292478413,-0.504039262,1.9326626463,-1.560483448,-2.211098906,0.0559959145,2.9364624889,0.0439881975,0.5297423343,-0.060895591,0.6671095208,-0.874133871,-1.125028713,1.0302591264,-0.14027268,1.1084114689,1.7636961971,1.3900450133,0.1789633009,0.2648567242,0.356119967,-1.547339846,-0.516568348,0.7896276721,0.3132590422
123,1,-0.382711538,-0.15160599,1.1573303317,-0.475113972,-0.185776339,-0.085417121,-1.994600961,2.0247390238,-0.905029846,-0.389775744,-1.189685778,-0.872137043,-0.270520856,2.3776003526,-0.74156993,0.7028403655,0.0188082446,-0.100931159,-0.368198752,-1.035338912,-0.751296817,0.9875305121,-1.094956639,-0.636478517,1.7920024206,-0.751701781,1.2679291465,2.1723444207,0.1231998427,2.2731080389
124,1,-0.682064271,-0.272119753,0.5260145206,0.429236075,0.1705377789,0.2901059741,-0.900579091,-1.64641051,-1.302253274,-1.289556841,0.0090918846,1.302805341,2.1531673258,-0.987292205,1.2155300912,0.570214027,-0.483224926,0.5927546078,-0.870280215,1.1576738376,0.9118402979,-1.158340371,-1.149563474,0.324739547,0.6343233125,1.852480568,0.9475153344,-1.013773433,-0.615014484,-0.85353825
125,0,1.3325957314,-0.934756753,-3.043587831,-0.722711018,-0.154741574,-0.655009068,-0.405142261,-0.414238702,0.385395049,1.0271525996,-1.678197575,-0.654614648,2.137882498,0.2048405635,0.7397764421,-0.786419688,-0.353091877,-0.186042988,-0.157549295,-0.638592712,-0.23243613,-1.059826676,-0.317511165,-0.806409538,0.312951818,-1.127163558,0.1984599002,0.8885445318,1.3733212572,0.8088924079
126,0,1.7081225617,1.1690562974,0.08992183,-0.003443254,-1.482834129,0.6311654705,0.7034103943,-0.588241719,1.4298816131,0.1579321313,-0.102915645,-0.594255997,2.188874479,0.0998758914,1.4912744612,0.525157428,0.6248054293,0.1298374944,-0.857287791,-0.078206579,0.4436798398,-0.498316719,0.1264879392,-0.415282879,1.3807053654,-1.167901755,0.8166520147,-1.431278107,0.0603929526,0.1220005653
127,0,1.8930040495,-1.47387335,1.262950837,0.8871336811,1.1327070358,0.074128775,1.3156716929,-1.509334352,1.6215421837,0.3791937978,1.075558157,-0.011240841,-1.368379547,-1.163366316,0.8194725946,0.9888581626,0.3087763849,-0.337772798,-2.319616695,-0.883623392,0.4586638689,-0.100924272,0.0539529473,0.5658369789,-1.083167771,0.3457006498,-0.264626305,-1.900847627,-0.117253632,0.3547651327
128,0,0.8271121842,-1.009851422,-0.162015313,0.4309463687,-0.624314806,-2.685318193,-0.217398503,0.6258823527,0.4194001121,0.63572692,-0.179354431,0.7315305045,-0.546549096,-0.769000675,-0.618775681,0.6721901035,1.6774223026,-0.655372861,0.2407312436,0.9903089165,-1.450482222,0.4505444493,-2.133857124,-0.121734543,-1.412216509,0.2487132641,-3.344336764,1.6226875242,-0.692160779,0.1352285079
129,0,0.475976063,-1.56878687,0.6134741447,-0.516657856,-1.141883651,0.3310175881,0.5618409741,-1.253770551,1.3932812872,0.489379166,0.6567497061,0.2242045709,0.2536925253,0.0387364167,0.5110505978,0.6468018902,-1.13533152,-0.638385014,1.5086530349,-1.941408163,-0.894127561,1.1820890904,0.496175257,-1.234965668,0.917245523,-0.891159501,-1.159346835,1.6457311034,-1.272035566,1.0836834424
130,1,0.6287425012,1.4372439527,-0.302648054,0.4571229246,0.3816807002,-3.146027738,-0.48357745,-0.539165114,-0.080943817,-1.238876133,0.6127208342,0.1059850161,-0.784522269,0.7714083726,-1.01026404,-0.037854119,1.0538589786,0.2144870709,0.0266002851,-0.701972773,0.575528678,0.1855178859,0.8878958531,-0.031770093,0.5528008904,1.45676173,0.2864926004,1.581562477,-0.320918063,0.0878125153
131,0,0.0575203173,-0.269163096,-0.550604908,0.88971877,0.1192323896,1.8529013778,0.2771894681,-0.722018998,0.6476838191,0.9385312529,-1.466281206,-0.843681654,0.276462532,-0.758754557,0.3121308992,0.4043810328,0.156161472,-0.513230846,-1.138163671,-0.840852913,-0.81023566,1.2811499566,0.1869303677,0.4676442867,-1.016542573,0.4470325371,-1.494370774,2.0225338615,1.619144191,0.8990272635
132,0,-0.711180554,-1.4819855,-0.462005386,-0.231631057,0.5620600161,2.0355925012,1.3921397492,1.1921212052,-0.289653506,1.7058432698,-0.592799862,1.9498343311,0.0235887132,1.8975408772,0.8339538304,0.8058107832,0.3926810551,-0.770254516,-1.556863598,1.5605625875,-0.957680289,0.2909843249,0.6170139252,-1.251518246,0.3093661757,-1.086277212,-2.270735987,-0.198869499,0.8682855583,-0.429009071
133,1,-0.650571296,0.524461167,1.2780627229,2.1444868565,0.2888500107,1.4285024301,-1.426145695,1.9604388265,1.5081294957,1.3319083925,0.973230617,1.7755580026,0.4715896039,0.1942451658,-0.045141858,1.0427896767,-1.282643102,-0.995050144,-0.467579492,0.5128656665,-1.808744561,1.637003739,-0.845948814,1.1216933584,1.5215731128,-0.542022078,0.3574854952,-1.975871017,-0.903929121,1.5244635646
134,0,-0.271791282,-1.0486294,-1.266984117,-0.625252276,2.4698251255,-1.084875704,-0.982919767,0.2102615794,1.1642231196,-1.10597734,0.8300498179,0.1887569677,-1.224278992,-0.24455458,-0.623090375,-1.308501677,0.9506772577,-0.167432077,-1.195517992,0.1270997009,-0.6888286,0.332957561,2.6089849956,-1.024120018,0.3589606084,-2.199753855,-2.078848463,0.5687086614,0.5775318804,0.6022179609
135,1,-0.414547613,-1.658377625,0.6422265687,-1.062997962,1.7502172196,-0.981970553,-1.185744848,1.0481246986,1.3226250284,-0.285087411,1.6314644526,-1.255773816,-0.741961614,0.7173591229,-0.103720398,1.100859229,-0.866225469,-0.998124339,1.6345316983,0.6906388084,0.1028928675,-0.441227136,1.1239751963,0.0304804129,0.3168094619,-1.382501541,-0.456202723,-2.438608476,-0.36633036,0.4336766461
136,1,-0.131653656,0.9545836942,-0.544981655,-0.745510578,0.4799568147,-0.200363744,-0.845069242,-0.063328592,0.0717886432,-0.156438511,0.2391225744,-0.36235458,0.1843179025,-0.153622936,0.5514318519,-1.300643993,0.384607412,1.0058281805,0.9941525298,1.0610708132,-1.784930697,-1.257435146,-0.13805833,0.669159869,0.9251455603,0.0751298366,0.1032503271,2.5560359985,-0.928085786,1.3531626109
137,0,-1.342210438,0.5718376779,-1.215368587,0.851412199,-1.569029105,-1.238815082,-1.924705803,0.5079316872,0.2356345557,0.2953909857,-0.467601602,-0.156974975,-0.186740173,-1.336899294,-1.144505987,0.0114162042,-0.5481541,-1.551995881,1.5775820585,1.1105530997,-0.146724191,-0.438305018,-0.259539352,-0.185946013,0.8271174666,0.7373419744,-2.052139678,0.5277637804,-2.042576113,-1.609563791
138,0,-1.948371057,-0.37343533,-1.547934593,-0.652580825,-1.075276042,1.0165233045,-0.931294237,-0.990881017,0.6220540658,0.0265359743,-1.07055546,-0.211764683,-1.182629583,0.0435434815,0.3682680875,-0.242628051,-0.748528285,-0.132690392,-0.678263595,0.2267670724,1.7347162275,0.9345758908,0.9854584466,-1.02886068,-0.887549418,0.4011331413,-0.308436383,0.3984722711,0.0689525285,-0.297380638
139,0,-2.067798758,-0.330207822,0.9382408517,0.3073894818,-1.140710914,-0.032271524,-0.430157026,0.4688588073,0.7695390388,0.0404443163,0.6671052602,-0.214783547,0.0636458816,-1.030799891,0.9624816206,0.2504136519,0.3634958992,0.9195977241,-0.899798461,-1.117558124,-0.211208706,0.5191136664,1.0087751968,-0.978656149,-1.005054115,-0.64990735,-0.50443905,-0.883892265,0.1037674031,0.1211109493
140,0,-0.77213145,-0.524861079,-2.312010298,1.5919222097,1.1539491068,-0.970707011,-1.007212142,-0.128636034,-0.912552297,1.9418773938,-0.559662692,0.658999132,-0.967642924,0.1702888861,0.5549192378,3.3402547443,0.726691691,0.8053702757,-0.119001178,0.3363916431,0.5036294879,-2.197696104,-1.487213087,-0.639081709,-1.5496475,0.46212768,-0.106423447,-1.741512177,-0.352183561,-1.861117199
141,0,0.1447915518,1.6902099569,0.1521407066,-2.223043027,0.0555489058,-1.675826716,1.2009521093,-1.104025368,1.5019523001,-0.847161496,1.1837734043,-1.277578322,-0.38704337,1.4198409491,0.4068584058,0.7806633718,0.3767350503,-0.931950039,-2.426387131,-0.530655649,0.3216158004,-1.526386413,-1.038782874,0.4335827735,-0.327055968,-0.231907343,-0.712198121,0.7836316901,0.0739945745,-2.341243513
142,1,-0.33853549,2.9797184619,0.648050355,1.7984728515,0.7857554284,0.7608208187,-0.750735421,1.3404174481,0.3773085827,-0.584730265,-0.256976355,-0.20874406,1.0030576898,0.188082958,-1.186028727,0.2243596442,1.1875427679,2.0584236072,-0.926688268,-0.455242377,-0.884330227,1.5405503103,-1.399076417,1.1156434387,0.7439951245,-1.003159287,-0.332008489,-0.939004656,-2.051991812,0.5105495556
143,1,1.137488947,-0.511022468,0.553116055,-1.382580654,0.0684016336,0.6055583066,0.1651619026,0.0076939493,0.8428578422,-1.217531266,0.0914236641,1.3083109697,-1.478141047,0.047836733,0.2176917347,1.0413944808,-0.186596402,-1.289735862,-0.523121257,-0.077815867,1.4428472354,-0.351587351,0.0658707658,-0.101019836,0.2896389201,-1.372328687,0.3192619297,-0.427702104,0.7745417484,-1.278961396
144,0,-0.354304982,0.4483461623,1.1699066375,0.3452921974,0.8552596921,1.2438790686,-0.074478357,0.9823205471,-0.087522979,0.920452052,0.1793752417,-0.464942718,-1.858345695,-0.220329941,-0.207624519,1.2711343539,1.4102282034,0.3483820064,1.1290786099,1.5670227861,-1.084353437,2.3470420842,-0.325133929,-0.389400473,-2.236512473,0.6625306054,1.6931638038,0.7029038029,0.2292108919,-0.708933686
145,0,1.1121895145,0.0582922476,-0.412222755,0.1625228805,0.0972262108,-0.124339516,-0.11665773,0.2124509593,0.1533003313,-0.499972172,1.166292913,-2.186656169,0.0252485581,0.9911413505,-0.673904454,-1.086127029,0.0642377513,1.6429682379,-1.014554154,1.1186539428,-0.869227945,-0.050923485,-0.56270184,0.9722209838,0.6677967831,1.430779785,-0.693351957,2.3902104486,1.369010363,2.0323060329
146,0,-0.668062211,-0.347351345,-0.769750935,0.7220936368,-1.086983871,0.2727347797,0.5572902292,0.5484515167,-0.336690337,2.1154201859,0.5515479449,1.0487722504,-1.615262577,-1.452200777,-1.291499758,0.5920480551,-0.140530164,-0.044183033,-0.149741597,1.6456337171,-1.590927519,-1.054416304,0.3333922077,0.4782370863,-1.25974634,-0.688329167,1.1656454044,-1.702042086,-0.552671265,-0.87315214
147,0,-0.001440705,0.6571208006,0.9374009167,-1.099351374,1.0391450194,0.5478905432,-1.693809718,-0.094417754,1.0724927793,-0.958094817,0.3552081019,-0.614866526,0.3956447806,-0.979210464,-0.571463656,-0.895257802,0.1811512132,0.7910493681,-1.634672311,-0.690787175,-0.601996079,1.0122767867,1.2253114514,0.5108377339,-1.591443495,-0.041421761,-1.026384483,0.3431865992,-0.508137208,0.2116576513
148,0,1.0410853649,2.6550184537,0.7914957677,-1.139831644,1.76091764,-0.020506756,-0.425086924,-0.762177567,-0.534938503,1.0501875263,-0.269941392,-0.200044601,0.4684278588,-0.276979825,0.7968135229,-0.347853256,-0.030630382,2.5280835121,1.2879419443,0.6383781912,-0.603874217,-0.813642976,-1.500612478,0.1491959035,0.5137859728,-1.038077343,0.6674342343,0.234307664,1.2425947383,0.4697130246
149,1,0.9777586187,0.5722596381,-0.241733238,-1.571868115,3.0566737812,-0.09916872,-0.833484692,0.1775471141,-1.412297953,-0.542121251,0.3433439917,-0.6602991,-2.196997062,1.4823522468,0.7377307538,1.451329554,-0.371328859,-1.108266498,0.1767724625,2.2395170937,0.4696462484,-0.074614138,-0.182417527,0.9707849026,0.1096372662,0.6562371616,-1.103078297,0.0436125668,-0.330051023,-0.323826381
150,1,-1.777287473,0.4382158277,1.5497544211,1.3050213373,0.5516780798,-0.076727589,1.9621832493,1.1776115762,1.4319357295,0.6975302608,0.0638992215,0.9644429315,-0.314677231,1.268870153,0.9803167051,0.2467909946,1.7242944206,-1.567023838,0.9662573919,1.4413522691,-0.17807078,0.6660977575,-0.320122447,1.0037692081,0.926987701,-0.006474679,0.7092329513,1.2698594442,-0.019718466,-1.038594553
